7 0.0625 0.6435185185185185 0.07395833333333333 0.07222222222222222
7 0.5044270833333333 0.35 0.034895833333333334 0.06666666666666667
7 0.7416666666666667 0.2962962962962963 0.0375 0.08055555555555556
7 0.7755208333333333 0.2949074074074074 0.03229166666666667 0.0712962962962963
7 0.09869791666666666 0.14351851851851852 0.0765625 0.08333333333333333
7 0.7236979166666667 0.799074074074074 0.049479166666666664 0.07407407407407407
7 0.07786458333333333 0.06527777777777778 0.0671875 0.09907407407407408
7 0.9330729166666667 0.7981481481481482 0.06510416666666667 0.07222222222222222
7 0.11536458333333334 0.38287037037037036 0.04010416666666667 0.08981481481481482
7 0.2721354166666667 0.18518518518518517 0.0484375 0.06481481481481481
7 0.9229166666666667 0.899537037037037 0.05625 0.10462962962962963
7 0.22552083333333334 0.3421296296296296 0.06666666666666667 0.0824074074074074
7 0.15755208333333334 0.3712962962962963 0.05364583333333333 0.06481481481481481