5 0.4175 0.7379166666666667 0.110625 0.09916666666666667
5 0.949375 0.56875 0.04375 0.03916666666666667
5 0.8334375 0.6758333333333333 0.073125 0.06666666666666667
5 0.879375 0.4816666666666667 0.0375 0.025
5 0.7821875 0.6529166666666667 0.056875 0.0575
5 0.7446875 0.51125 0.038125 0.029166666666666667
5 0.741875 0.6395833333333333 0.065 0.050833333333333335
5 0.7028125 0.52875 0.051875 0.04083333333333333
5 0.6659375 0.6079166666666667 0.059375 0.049166666666666664
5 0.8728125 0.5479166666666667 0.041875 0.0325
5 0.59375 0.5795833333333333 0.0575 0.0525
5 0.9146875 0.48833333333333334 0.038125 0.028333333333333332
5 0.6275 0.5945833333333334 0.05 0.049166666666666664
5 0.958125 0.5008333333333334 0.04 0.03
5 0.8003125 0.55875 0.041875 0.03916666666666667
5 0.8340625 0.5375 0.041875 0.035
5 0.8109375 0.46791666666666665 0.036875 0.025833333333333333
5 0.879375 0.5783333333333334 0.05 0.04
5 0.971875 0.4245833333333333 0.025 0.0175
5 0.9828125 0.5125 0.033125 0.03166666666666667
5 0.8446875 0.47458333333333336 0.031875 0.0275
5 0.833125 0.5704166666666667 0.05375 0.0375
5 0.7384375 0.54125 0.044375 0.0325
5 0.80375 0.5291666666666667 0.045 0.035
5 0.7515625 0.45208333333333334 0.034375 0.0225
5 0.723125 0.45 0.02625 0.018333333333333333
5 0.7684375 0.5229166666666667 0.040625 0.035833333333333335
5 0.706875 0.62 0.05875 0.058333333333333334
5 0.531875 0.60875 0.0675 0.059166666666666666
5 0.2840625 0.7254166666666667 0.104375 0.0825
5 0.989375 0.41625 0.02125 0.019166666666666665
5 0.7959375 0.42916666666666664 0.0375 0.02
5 0.689375 0.44416666666666665 0.026875 0.0175
5 0.0171875 0.39208333333333334 0.015625 0.011666666666666667
5 0.0390625 0.3879166666666667 0.020625 0.015833333333333335
5 0.6690625 0.45458333333333334 0.01625 0.021666666666666667