14 0.5108173076923077 0.44471153846153844 0.375 0.15384615384615385
14 0.8221153846153846 0.5252403846153846 0.34615384615384615 0.1201923076923077
14 0.24278846153846154 0.6274038461538461 0.34134615384615385 0.11057692307692307
14 0.26322115384615385 0.10096153846153846 0.2860576923076923 0.09615384615384616
14 0.8028846153846154 0.11298076923076923 0.23798076923076922 0.08173076923076923
14 0.12860576923076922 0.15504807692307693 0.18028846153846154 0.07692307692307693
14 0.2776442307692308 0.19110576923076922 0.23557692307692307 0.09375
14 0.5252403846153846 0.20673076923076922 0.18028846153846154 0.08173076923076923
14 0.9050480769230769 0.21514423076923078 0.18028846153846154 0.10576923076923077
14 0.36658653846153844 0.22355769230769232 0.21634615384615385 0.10576923076923077
14 0.17548076923076922 0.34615384615384615 0.31009615384615385 0.1346153846153846