5 0.15959821428571427 0.33816964285714285 0.18526785714285715 0.21651785714285715
6 0.6941964285714286 0.46316964285714285 0.07142857142857142 0.08705357142857142
6 0.6183035714285714 0.5691964285714286 0.06696428571428571 0.05803571428571429
6 0.7354910714285714 0.5758928571428571 0.10491071428571429 0.07589285714285714
6 0.6071428571428571 0.6049107142857143 0.07142857142857142 0.07142857142857142
6 0.7042410714285714 0.6183035714285714 0.08705357142857142 0.08035714285714286
6 0.59375 0.6316964285714286 0.0625 0.0625
6 0.5680803571428571 0.6484375 0.060267857142857144 0.078125
6 0.6897321428571429 0.6573660714285714 0.07589285714285714 0.060267857142857144
6 0.6785714285714286 0.6919642857142857 0.0625 0.044642857142857144
6 0.6607142857142857 0.7098214285714286 0.06696428571428571 0.0625
6 0.6305803571428571 0.7354910714285714 0.09151785714285714 0.07366071428571429
6 0.6138392857142857 0.7611607142857143 0.07142857142857142 0.05803571428571429
6 0.5792410714285714 0.7890625 0.06473214285714286 0.06473214285714286
6 0.5558035714285714 0.7991071428571429 0.05803571428571429 0.04017857142857143
6 0.5334821428571429 0.8136160714285714 0.08482142857142858 0.03794642857142857
6 0.5223214285714286 0.8392857142857143 0.08928571428571429 0.0625
6 0.515625 0.8738839285714286 0.09375 0.046875
6 0.5122767857142857 0.9006696428571429 0.09151785714285714 0.033482142857142856
6 0.5390625 0.9341517857142857 0.08258928571428571 0.033482142857142856
6 0.5290178571428571 0.9732142857142857 0.09821428571428571 0.049107142857142856