5 0.15985576923076922 0.33774038461538464 0.18509615384615385 0.21634615384615385
6 0.6947115384615384 0.46274038461538464 0.07211538461538461 0.08653846153846154
6 0.6177884615384616 0.5697115384615384 0.0673076923076923 0.057692307692307696
6 0.7355769230769231 0.5757211538461539 0.10576923076923077 0.07451923076923077
6 0.6069711538461539 0.6045673076923077 0.06971153846153846 0.06971153846153846
6 0.7043269230769231 0.6177884615384616 0.08653846153846154 0.08173076923076923
6 0.59375 0.6322115384615384 0.0625 0.0625
6 0.5685096153846154 0.6490384615384616 0.06009615384615385 0.07932692307692307
6 0.6899038461538461 0.6574519230769231 0.07692307692307693 0.06009615384615385
6 0.6790865384615384 0.6923076923076923 0.0625 0.04567307692307692
6 0.6610576923076923 0.7103365384615384 0.0673076923076923 0.0625
6 0.6310096153846154 0.7355769230769231 0.09134615384615384 0.07451923076923077
6 0.6141826923076923 0.7608173076923077 0.07211538461538461 0.057692307692307696
6 0.5793269230769231 0.7884615384615384 0.06490384615384616 0.06490384615384616
6 0.5552884615384616 0.7992788461538461 0.057692307692307696 0.040865384615384616
6 0.5336538461538461 0.8137019230769231 0.08653846153846154 0.038461538461538464
6 0.5228365384615384 0.8389423076923077 0.0889423076923077 0.0625
6 0.515625 0.8737980769230769 0.09375 0.04807692307692308
6 0.5120192307692307 0.9002403846153846 0.09134615384615384 0.03365384615384615
6 0.5384615384615384 0.9338942307692307 0.08413461538461539 0.03365384615384615
6 0.5288461538461539 0.9735576923076923 0.0985576923076923 0.05048076923076923