6 0.2109375 0.24441964285714285 0.03794642857142857 0.08705357142857142
6 0.24665178571428573 0.2578125 0.033482142857142856 0.09151785714285714
6 0.2845982142857143 0.28348214285714285 0.04241071428571429 0.09375
6 0.33705357142857145 0.3013392857142857 0.049107142857142856 0.08035714285714286
6 0.14732142857142858 0.31473214285714285 0.05357142857142857 0.10267857142857142
6 0.3716517857142857 0.3314732142857143 0.029017857142857144 0.08705357142857142
6 0.18191964285714285 0.34375 0.05133928571428571 0.08928571428571429
6 0.40401785714285715 0.36830357142857145 0.03571428571428571 0.08928571428571429
6 0.20982142857142858 0.37388392857142855 0.05803571428571429 0.09151785714285714
6 0.24776785714285715 0.40625 0.049107142857142856 0.10267857142857142
6 0.3125 0.42299107142857145 0.05357142857142857 0.11383928571428571
5 0.7410714285714286 0.671875 0.125 0.19196428571428573
5 0.8850446428571429 0.7399553571428571 0.12276785714285714 0.19866071428571427
6 0.0390625 0.109375 0.05580357142857143 0.10267857142857142
6 0.11049107142857142 0.16741071428571427 0.033482142857142856 0.08035714285714286
6 0.15066964285714285 0.1796875 0.04241071428571429 0.078125
6 0.17745535714285715 0.20870535714285715 0.05133928571428571 0.09151785714285714