6 0.21153846153846154 0.2439903846153846 0.038461538461538464 0.08653846153846154
6 0.24639423076923078 0.25721153846153844 0.03365384615384615 0.09134615384615384
6 0.2848557692307692 0.28365384615384615 0.04326923076923077 0.09375
6 0.33653846153846156 0.3016826923076923 0.05048076923076923 0.08173076923076923
6 0.14783653846153846 0.31490384615384615 0.055288461538461536 0.10336538461538461
6 0.3713942307692308 0.3317307692307692 0.028846153846153848 0.08653846153846154
6 0.1814903846153846 0.34375 0.052884615384615384 0.0889423076923077
6 0.40384615384615385 0.36778846153846156 0.036057692307692304 0.0889423076923077
6 0.21033653846153846 0.3737980769230769 0.057692307692307696 0.09134615384615384
6 0.24759615384615385 0.40625 0.05048076923076923 0.10336538461538461
6 0.3125 0.4230769230769231 0.055288461538461536 0.11538461538461539
5 0.7415865384615384 0.671875 0.125 0.19230769230769232
5 0.8846153846153846 0.7403846153846154 0.12259615384615384 0.19951923076923078
6 0.038461538461538464 0.109375 0.055288461538461536 0.10336538461538461
6 0.11057692307692307 0.16706730769230768 0.03365384615384615 0.08173076923076923
6 0.1502403846153846 0.18028846153846154 0.04326923076923077 0.07932692307692307
6 0.1778846153846154 0.2091346153846154 0.05048076923076923 0.09134615384615384