5 0.8894230769230769 0.29447115384615385 0.21153846153846154 0.1466346153846154
5 0.18629807692307693 0.30528846153846156 0.19951923076923078 0.13221153846153846
5 0.8533653846153846 0.4266826923076923 0.21153846153846154 0.15144230769230768
5 0.18269230769230768 0.4266826923076923 0.21153846153846154 0.125
5 0.2956730769230769 0.055288461538461536 0.24278846153846154 0.11057692307692307
5 0.9242788461538461 0.05889423076923077 0.14903846153846154 0.11057692307692307
5 0.10576923076923077 0.6009615384615384 0.2091346153846154 0.13942307692307693
5 0.5324519230769231 0.7512019230769231 0.25961538461538464 0.15865384615384615
5 0.47596153846153844 0.9134615384615384 0.2403846153846154 0.125
5 0.9098557692307693 0.18028846153846154 0.1778846153846154 0.14182692307692307
6 0.2283653846153846 0.18629807692307693 0.10336538461538461 0.07451923076923077