6 0.15985576923076922 0.26802884615384615 0.04326923076923077 0.07211538461538461
6 0.27403846153846156 0.30408653846153844 0.04326923076923077 0.08413461538461539
6 0.11057692307692307 0.3713942307692308 0.06009615384615385 0.08653846153846154
6 0.3401442307692308 0.3870192307692308 0.07451923076923077 0.07451923076923077
6 0.20192307692307693 0.390625 0.055288461538461536 0.07692307692307693
6 0.2439903846153846 0.43028846153846156 0.040865384615384616 0.07451923076923077
6 0.31971153846153844 0.44591346153846156 0.08413461538461539 0.04567307692307692
6 0.109375 0.4735576923076923 0.057692307692307696 0.08653846153846154
6 0.3016826923076923 0.47596153846153844 0.07692307692307693 0.057692307692307696
6 0.14903846153846154 0.484375 0.04807692307692308 0.08653846153846154
6 0.21754807692307693 0.5 0.06971153846153846 0.06971153846153846
6 0.28725961538461536 0.5144230769230769 0.08413461538461539 0.055288461538461536
5 0.421875 0.5216346153846154 0.1346153846153846 0.18509615384615385
6 0.27283653846153844 0.5588942307692307 0.09375 0.055288461538461536
5 0.7487980769230769 0.703125 0.15384615384615385 0.21153846153846154
6 0.8473557692307693 0.7367788461538461 0.04326923076923077 0.08653846153846154
6 0.8954326923076923 0.7596153846153846 0.040865384615384616 0.07451923076923077
6 0.9435096153846154 0.7788461538461539 0.06490384615384616 0.08173076923076923
5 0.11057692307692307 0.9447115384615384 0.13701923076923078 0.10576923076923077
5 0.24278846153846154 0.9771634615384616 0.10096153846153846 0.040865384615384616