6 0.16294642857142858 0.30245535714285715 0.10267857142857142 0.08258928571428571
5 0.42075892857142855 0.3325892857142857 0.25223214285714285 0.20089285714285715
6 0.1640625 0.4564732142857143 0.09598214285714286 0.08258928571428571
6 0.05915178571428571 0.5044642857142857 0.109375 0.07589285714285714
5 0.44308035714285715 0.5301339285714286 0.2611607142857143 0.19419642857142858
6 0.6997767857142857 0.7276785714285714 0.09598214285714286 0.07142857142857142
6 0.6584821428571429 0.828125 0.08928571428571429 0.03571428571428571
6 0.6662946428571429 0.8705357142857143 0.09151785714285714 0.03125
6 0.5859375 0.8861607142857143 0.04241071428571429 0.09375
6 0.7154017857142857 0.8895089285714286 0.078125 0.033482142857142856
6 0.7488839285714286 0.9263392857142857 0.09598214285714286 0.026785714285714284
5 0.4095982142857143 0.9631696428571429 0.140625 0.07366071428571429
5 0.09933035714285714 0.16741071428571427 0.09151785714285714 0.09821428571428571