6 0.15959821428571427 0.26785714285714285 0.04241071428571429 0.07142857142857142
6 0.2734375 0.30357142857142855 0.04241071428571429 0.08482142857142858
6 0.11049107142857142 0.3716517857142857 0.060267857142857144 0.08705357142857142
6 0.3404017857142857 0.3872767857142857 0.07366071428571429 0.07366071428571429
6 0.20200892857142858 0.390625 0.05580357142857143 0.07589285714285714
6 0.24441964285714285 0.4296875 0.04241071428571429 0.07366071428571429
6 0.3203125 0.44642857142857145 0.08258928571428571 0.044642857142857144
6 0.109375 0.4732142857142857 0.05803571428571429 0.08482142857142858
6 0.3013392857142857 0.47544642857142855 0.07589285714285714 0.05803571428571429
6 0.1484375 0.484375 0.046875 0.08482142857142858
6 0.21763392857142858 0.5 0.06919642857142858 0.07142857142857142
6 0.28683035714285715 0.5145089285714286 0.08258928571428571 0.05580357142857143
5 0.421875 0.5212053571428571 0.13392857142857142 0.18526785714285715
6 0.27232142857142855 0.5591517857142857 0.09375 0.05580357142857143
5 0.7488839285714286 0.703125 0.15401785714285715 0.20982142857142858
6 0.8470982142857143 0.7366071428571429 0.04241071428571429 0.08482142857142858
6 0.8950892857142857 0.7600446428571429 0.04017857142857143 0.07366071428571429
6 0.9430803571428571 0.7790178571428571 0.06473214285714286 0.08035714285714286
5 0.109375 0.9453125 0.13392857142857142 0.109375
5 0.24107142857142858 0.9787946428571429 0.09821428571428571 0.04241071428571429