6 0.6194196428571429 0.24776785714285715 0.07366071428571429 0.04017857142857143
6 0.5133928571428571 0.2935267857142857 0.08035714285714286 0.05580357142857143
5 0.09151785714285714 0.3080357142857143 0.18303571428571427 0.16964285714285715
5 0.060267857142857144 0.4375 0.12053571428571429 0.14285714285714285
6 0.45089285714285715 0.5178571428571429 0.05357142857142857 0.08035714285714286
6 0.5680803571428571 0.5424107142857143 0.08258928571428571 0.0625
5 0.03794642857142857 0.5658482142857143 0.07589285714285714 0.11830357142857142
6 0.6484375 0.5915178571428571 0.08705357142857142 0.08035714285714286
6 0.5323660714285714 0.6205357142857143 0.07366071428571429 0.049107142857142856
6 0.4185267857142857 0.6361607142857143 0.06473214285714286 0.08482142857142858
6 0.6238839285714286 0.640625 0.078125 0.05357142857142857
6 0.6104910714285714 0.6696428571428571 0.078125 0.05803571428571429
6 0.45200892857142855 0.71875 0.08258928571428571 0.049107142857142856
6 0.5558035714285714 0.7645089285714286 0.07589285714285714 0.05133928571428571
5 0.06696428571428571 0.7767857142857143 0.13392857142857142 0.23660714285714285
5 0.3872767857142857 0.9095982142857143 0.22098214285714285 0.18080357142857142
5 0.3002232142857143 0.9654017857142857 0.18080357142857142 0.06919642857142858
5 0.09598214285714286 0.14285714285714285 0.19196428571428573 0.1875
6 0.5625 0.22209821428571427 0.08035714285714286 0.024553571428571428