6 0.2890625 0.22544642857142858 0.04241071428571429 0.08928571428571429
6 0.31361607142857145 0.24330357142857142 0.029017857142857144 0.07589285714285714
6 0.34486607142857145 0.2622767857142857 0.046875 0.078125
6 0.3828125 0.2924107142857143 0.04241071428571429 0.08035714285714286
6 0.1953125 0.29575892857142855 0.05133928571428571 0.07366071428571429
6 0.42410714285714285 0.3169642857142857 0.026785714285714284 0.06696428571428571
6 0.45535714285714285 0.3236607142857143 0.022321428571428572 0.08928571428571429
6 0.25669642857142855 0.33035714285714285 0.04017857142857143 0.08482142857142858
6 0.5167410714285714 0.34151785714285715 0.060267857142857144 0.08035714285714286
6 0.47544642857142855 0.34598214285714285 0.022321428571428572 0.06696428571428571
6 0.28348214285714285 0.3515625 0.03571428571428571 0.07366071428571429
6 0.3158482142857143 0.3716517857142857 0.060267857142857144 0.078125
6 0.19754464285714285 0.37276785714285715 0.06473214285714286 0.09375
6 0.3404017857142857 0.3939732142857143 0.03794642857142857 0.06919642857142858
6 0.3984375 0.41294642857142855 0.024553571428571428 0.07589285714285714
6 0.36160714285714285 0.41517857142857145 0.026785714285714284 0.08035714285714286
6 0.42745535714285715 0.4296875 0.046875 0.08705357142857142
6 0.45200892857142855 0.43973214285714285 0.020089285714285716 0.08928571428571429
6 0.4720982142857143 0.453125 0.04241071428571429 0.08035714285714286
6 0.5948660714285714 0.7477678571428571 0.09151785714285714 0.07142857142857142
5 0.18415178571428573 0.8962053571428571 0.24330357142857142 0.18973214285714285
6 0.875 0.9508928571428571 0.11160714285714286 0.049107142857142856
6 0.25111607142857145 0.20758928571428573 0.05133928571428571 0.08035714285714286