6 0.28846153846153844 0.22596153846153846 0.04326923076923077 0.0889423076923077
6 0.3137019230769231 0.24278846153846154 0.028846153846153848 0.07451923076923077
6 0.3449519230769231 0.2620192307692308 0.04807692307692308 0.07932692307692307
6 0.38221153846153844 0.2920673076923077 0.04326923076923077 0.07932692307692307
6 0.19471153846153846 0.2956730769230769 0.052884615384615384 0.07451923076923077
6 0.42427884615384615 0.3173076923076923 0.026442307692307692 0.0673076923076923
6 0.45552884615384615 0.3233173076923077 0.02403846153846154 0.0889423076923077
6 0.25721153846153844 0.33052884615384615 0.040865384615384616 0.08653846153846154
6 0.5168269230769231 0.34134615384615385 0.06009615384615385 0.08173076923076923
6 0.47596153846153844 0.34615384615384615 0.021634615384615384 0.0673076923076923
6 0.28365384615384615 0.35096153846153844 0.036057692307692304 0.07451923076923077
6 0.3161057692307692 0.3713942307692308 0.06009615384615385 0.07932692307692307
6 0.1971153846153846 0.37259615384615385 0.06490384615384616 0.09375
6 0.3401442307692308 0.3942307692307692 0.038461538461538464 0.06971153846153846
6 0.39903846153846156 0.41346153846153844 0.02403846153846154 0.07692307692307693
6 0.36177884615384615 0.41466346153846156 0.026442307692307692 0.08173076923076923
6 0.42788461538461536 0.43028846153846156 0.04807692307692308 0.08653846153846154
6 0.4519230769230769 0.43990384615384615 0.021634615384615384 0.0889423076923077
6 0.4723557692307692 0.453125 0.04326923076923077 0.08173076923076923
6 0.5949519230769231 0.7475961538461539 0.09134615384615384 0.07211538461538461
5 0.18389423076923078 0.8966346153846154 0.24278846153846154 0.18990384615384615
6 0.875 0.9507211538461539 0.11298076923076923 0.05048076923076923
6 0.2512019230769231 0.20793269230769232 0.052884615384615384 0.08173076923076923