6 0.16346153846153846 0.30288461538461536 0.10336538461538461 0.08413461538461539
5 0.4206730769230769 0.3329326923076923 0.25240384615384615 0.20192307692307693
6 0.16346153846153846 0.4567307692307692 0.09615384615384616 0.08413461538461539
6 0.05889423076923077 0.5048076923076923 0.11057692307692307 0.07451923076923077
5 0.44350961538461536 0.5300480769230769 0.25961538461538464 0.19471153846153846
6 0.6995192307692307 0.7271634615384616 0.09615384615384616 0.07211538461538461
6 0.6586538461538461 0.828125 0.0889423076923077 0.036057692307692304
6 0.6658653846153846 0.8701923076923077 0.09134615384615384 0.03125
6 0.5865384615384616 0.8858173076923077 0.04326923076923077 0.09375
6 0.7151442307692307 0.8894230769230769 0.07932692307692307 0.03365384615384615
6 0.7487980769230769 0.9266826923076923 0.09615384615384616 0.026442307692307692
5 0.4110576923076923 0.9615384615384616 0.14423076923076922 0.07211538461538461
5 0.09975961538461539 0.16706730769230768 0.09134615384615384 0.0985576923076923