6 0.16629464285714285 0.27455357142857145 0.05580357142857143 0.08928571428571429
6 0.20424107142857142 0.28236607142857145 0.060267857142857144 0.078125
6 0.23325892857142858 0.3080357142857143 0.029017857142857144 0.08035714285714286
6 0.2611607142857143 0.3247767857142857 0.044642857142857144 0.08705357142857142
6 0.09263392857142858 0.34263392857142855 0.060267857142857144 0.08258928571428571
6 0.28683035714285715 0.34598214285714285 0.03794642857142857 0.07142857142857142
6 0.13058035714285715 0.36830357142857145 0.04241071428571429 0.07142857142857142
6 0.35267857142857145 0.375 0.044642857142857144 0.09821428571428571
6 0.3984375 0.38839285714285715 0.03794642857142857 0.07589285714285714
6 0.15066964285714285 0.40401785714285715 0.04241071428571429 0.06696428571428571
6 0.16964285714285715 0.421875 0.03571428571428571 0.07589285714285714
6 0.19419642857142858 0.4375 0.049107142857142856 0.09375
6 0.2421875 0.4486607142857143 0.03794642857142857 0.08482142857142858
6 0.30691964285714285 0.46651785714285715 0.060267857142857144 0.08928571428571429
5 0.45870535714285715 0.4720982142857143 0.140625 0.14508928571428573
5 0.6015625 0.5491071428571429 0.19866071428571427 0.20535714285714285
5 0.7466517857142857 0.6272321428571429 0.21651785714285715 0.21428571428571427
6 0.9207589285714286 0.6852678571428571 0.08258928571428571 0.07142857142857142
5 0.31138392857142855 0.9743303571428571 0.16741071428571427 0.05133928571428571