6 0.6462053571428571 0.23883928571428573 0.08258928571428571 0.06696428571428571
6 0.3794642857142857 0.24665178571428573 0.08928571428571429 0.060267857142857144
6 0.5212053571428571 0.26339285714285715 0.08258928571428571 0.05803571428571429
6 0.35714285714285715 0.28125 0.08035714285714286 0.05803571428571429
6 0.6305803571428571 0.2890625 0.08258928571428571 0.06473214285714286
6 0.4720982142857143 0.296875 0.078125 0.05803571428571429
6 0.34263392857142855 0.3169642857142857 0.06919642857142858 0.06696428571428571
6 0.5814732142857143 0.32700892857142855 0.07366071428571429 0.078125
6 0.45200892857142855 0.328125 0.07366071428571429 0.049107142857142856
6 0.44308035714285715 0.359375 0.09151785714285714 0.0625
6 0.5446428571428571 0.39285714285714285 0.08035714285714286 0.0625
6 0.2890625 0.3950892857142857 0.08705357142857142 0.05357142857142857
6 0.41629464285714285 0.39955357142857145 0.078125 0.07589285714285714
6 0.27566964285714285 0.4263392857142857 0.08258928571428571 0.05357142857142857
6 0.5357142857142857 0.43638392857142855 0.08928571428571429 0.046875
6 0.39174107142857145 0.4408482142857143 0.078125 0.05580357142857143
6 0.5223214285714286 0.46205357142857145 0.08035714285714286 0.06696428571428571
6 0.37388392857142855 0.47098214285714285 0.078125 0.0625
6 0.4765625 0.48660714285714285 0.078125 0.05803571428571429
6 0.4654017857142857 0.5390625 0.08258928571428571 0.06919642857142858
5 0.27455357142857145 0.5625 0.24553571428571427 0.18303571428571427
5 0.33482142857142855 0.796875 0.125 0.16517857142857142
5 0.11049107142857142 0.8727678571428571 0.22098214285714285 0.18303571428571427
6 0.6540178571428571 0.09709821428571429 0.08035714285714286 0.09151785714285714
5 0.9296875 0.11272321428571429 0.140625 0.22544642857142858
6 0.5658482142857143 0.13392857142857142 0.09598214285714286 0.05803571428571429
6 0.6506696428571429 0.17075892857142858 0.07366071428571429 0.06919642857142858
6 0.4185267857142857 0.18973214285714285 0.08705357142857142 0.07589285714285714
6 0.5479910714285714 0.21986607142857142 0.08258928571428571 0.046875