5 0.41183035714285715 0.32142857142857145 0.25223214285714285 0.14732142857142858
6 0.4654017857142857 0.4654017857142857 0.029017857142857144 0.078125
6 0.4419642857142857 0.47544642857142855 0.026785714285714284 0.08928571428571429
6 0.40848214285714285 0.4765625 0.022321428571428572 0.08258928571428571
6 0.3560267857142857 0.48214285714285715 0.024553571428571428 0.08482142857142858
6 0.3828125 0.48214285714285715 0.024553571428571428 0.08482142857142858
6 0.3247767857142857 0.4888392857142857 0.033482142857142856 0.09375
6 0.28794642857142855 0.4955357142857143 0.026785714285714284 0.08482142857142858
6 0.25892857142857145 0.49776785714285715 0.03571428571428571 0.08035714285714286
6 0.421875 0.578125 0.03125 0.08035714285714286
6 0.3872767857142857 0.5803571428571429 0.024553571428571428 0.07589285714285714
6 0.35714285714285715 0.5848214285714286 0.017857142857142856 0.08035714285714286
6 0.23325892857142858 0.5881696428571429 0.029017857142857144 0.07366071428571429
6 0.32700892857142855 0.5915178571428571 0.033482142857142856 0.08035714285714286
6 0.2611607142857143 0.6015625 0.026785714285714284 0.07366071428571429
6 0.29575892857142855 0.6015625 0.024553571428571428 0.07366071428571429
6 0.3013392857142857 0.6674107142857143 0.07142857142857142 0.049107142857142856
6 0.1796875 0.6763392857142857 0.09598214285714286 0.03571428571428571
6 0.16629464285714285 0.7209821428571429 0.08705357142857142 0.04017857142857143
5 0.09040178571428571 0.078125 0.12723214285714285 0.15625
5 0.22879464285714285 0.828125 0.24330357142857142 0.13839285714285715
5 0.24330357142857142 0.9542410714285714 0.22767857142857142 0.09151785714285714
5 0.3158482142857143 0.021205357142857144 0.13169642857142858 0.03794642857142857