6 0.1658653846153846 0.27403846153846156 0.055288461538461536 0.0889423076923077
6 0.20432692307692307 0.2824519230769231 0.06009615384615385 0.07932692307692307
6 0.23317307692307693 0.3076923076923077 0.028846153846153848 0.07932692307692307
6 0.2608173076923077 0.3245192307692308 0.04567307692307692 0.08653846153846154
6 0.09254807692307693 0.3425480769230769 0.06009615384615385 0.08413461538461539
6 0.28725961538461536 0.34615384615384615 0.038461538461538464 0.07211538461538461
6 0.1310096153846154 0.36778846153846156 0.04326923076923077 0.07211538461538461
6 0.35216346153846156 0.375 0.04567307692307692 0.0985576923076923
6 0.39903846153846156 0.38822115384615385 0.038461538461538464 0.07692307692307693
6 0.1502403846153846 0.40384615384615385 0.04326923076923077 0.0673076923076923
6 0.16947115384615385 0.421875 0.036057692307692304 0.07692307692307693
6 0.19471153846153846 0.4375 0.05048076923076923 0.09375
6 0.24278846153846154 0.4483173076923077 0.038461538461538464 0.08653846153846154
6 0.30649038461538464 0.46634615384615385 0.06009615384615385 0.0889423076923077
5 0.45913461538461536 0.4723557692307692 0.14182692307692307 0.1466346153846154
5 0.6009615384615384 0.5492788461538461 0.19951923076923078 0.20673076923076922
5 0.7463942307692307 0.6274038461538461 0.21634615384615385 0.21394230769230768
6 0.9206730769230769 0.6850961538461539 0.08413461538461539 0.07211538461538461
5 0.3125 0.9735576923076923 0.17067307692307693 0.05048076923076923