5 0.45072115384615385 0.29447115384615385 0.25961538461538464 0.17548076923076922
6 0.036057692307692304 0.03125 0.07211538461538461 0.0625
5 0.6634615384615384 0.44591346153846156 0.22355769230769232 0.15144230769230768
5 0.8617788461538461 0.515625 0.23317307692307693 0.19230769230769232
6 0.15625 0.6899038461538461 0.0889423076923077 0.0625
5 0.9266826923076923 0.7932692307692307 0.14423076923076922 0.13701923076923078
5 0.2403846153846154 0.8521634615384616 0.21153846153846154 0.15625
6 0.13221153846153846 0.09254807692307693 0.055288461538461536 0.10096153846153846
6 0.6334134615384616 0.9399038461538461 0.0985576923076923 0.07211538461538461
6 0.22115384615384615 0.11899038461538461 0.0673076923076923 0.08413461538461539
6 0.04567307692307692 0.16346153846153846 0.07451923076923077 0.0985576923076923
5 0.3137019230769231 0.21634615384615385 0.23557692307692307 0.13942307692307693
6 0.10817307692307693 0.21754807692307693 0.06490384615384616 0.08413461538461539