6 0.3091517857142857 0.22879464285714285 0.03794642857142857 0.08258928571428571
6 0.33370535714285715 0.24665178571428573 0.033482142857142856 0.07366071428571429
6 0.3627232142857143 0.26785714285714285 0.04241071428571429 0.07142857142857142
6 0.40736607142857145 0.2890625 0.03794642857142857 0.078125
6 0.21986607142857142 0.29575892857142855 0.07366071428571429 0.06919642857142858
6 0.44754464285714285 0.30691964285714285 0.024553571428571428 0.06919642857142858
6 0.2845982142857143 0.328125 0.03794642857142857 0.08035714285714286
6 0.47879464285714285 0.33705357142857145 0.029017857142857144 0.06696428571428571
6 0.5446428571428571 0.3392857142857143 0.049107142857142856 0.07142857142857142
6 0.5033482142857143 0.34375 0.029017857142857144 0.06696428571428571
6 0.31361607142857145 0.3482142857142857 0.046875 0.08482142857142858
6 0.34263392857142855 0.36830357142857145 0.046875 0.08482142857142858
6 0.22433035714285715 0.3705357142857143 0.05580357142857143 0.08482142857142858
6 0.36607142857142855 0.38950892857142855 0.03571428571428571 0.08705357142857142
6 0.38504464285714285 0.40625 0.029017857142857144 0.08035714285714286
6 0.42075892857142855 0.41629464285714285 0.03794642857142857 0.08258928571428571
6 0.44642857142857145 0.43191964285714285 0.03571428571428571 0.10044642857142858
6 0.46763392857142855 0.44419642857142855 0.04241071428571429 0.07589285714285714
6 0.49441964285714285 0.4575892857142857 0.04241071428571429 0.06696428571428571
6 0.6238839285714286 0.7522321428571429 0.08705357142857142 0.07142857142857142
5 0.2109375 0.8995535714285714 0.24330357142857142 0.19642857142857142
6 0.9006696428571429 0.9475446428571429 0.11383928571428571 0.060267857142857144
6 0.28236607142857145 0.2109375 0.046875 0.06919642857142858