5 0.12946428571428573 0.40625 0.10267857142857142 0.08482142857142858
5 0.49441964285714285 0.4642857142857143 0.22098214285714285 0.19642857142857142
5 0.22879464285714285 0.5178571428571429 0.12723214285714285 0.16964285714285715
6 0.6707589285714286 0.5602678571428571 0.08258928571428571 0.05803571428571429
6 0.6395089285714286 0.5970982142857143 0.078125 0.06919642857142858
6 0.7645089285714286 0.5982142857142857 0.06473214285714286 0.0625
5 0.33816964285714285 0.6049107142857143 0.16741071428571427 0.23214285714285715
6 0.7354910714285714 0.625 0.078125 0.05357142857142857
6 0.5915178571428571 0.6428571428571429 0.07589285714285714 0.049107142857142856
6 0.7332589285714286 0.6595982142857143 0.06473214285714286 0.060267857142857144
6 0.6930803571428571 0.6819196428571429 0.03794642857142857 0.06919642857142858
6 0.5881696428571429 0.6852678571428571 0.09151785714285714 0.05803571428571429
6 0.6752232142857143 0.7064732142857143 0.05133928571428571 0.060267857142857144
6 0.8191964285714286 0.7332589285714286 0.07589285714285714 0.11383928571428571
6 0.7689732142857143 0.734375 0.04241071428571429 0.08928571428571429
6 0.7354910714285714 0.7477678571428571 0.05133928571428571 0.08928571428571429
6 0.6930803571428571 0.7522321428571429 0.05133928571428571 0.06696428571428571
6 0.6372767857142857 0.7678571428571429 0.078125 0.0625
5 0.7488839285714286 0.8973214285714286 0.22098214285714285 0.11160714285714286
5 0.8236607142857143 0.9854910714285714 0.13839285714285715 0.029017857142857144