6 0.6466346153846154 0.23918269230769232 0.08173076923076923 0.0673076923076923
6 0.3798076923076923 0.24639423076923078 0.0889423076923077 0.06009615384615385
6 0.5216346153846154 0.26322115384615385 0.08173076923076923 0.057692307692307696
6 0.35697115384615385 0.28125 0.08173076923076923 0.057692307692307696
6 0.6310096153846154 0.28846153846153844 0.08173076923076923 0.06490384615384616
6 0.4723557692307692 0.296875 0.07692307692307693 0.057692307692307696
6 0.3425480769230769 0.3173076923076923 0.06971153846153846 0.0673076923076923
6 0.5817307692307693 0.3269230769230769 0.07451923076923077 0.07932692307692307
6 0.4519230769230769 0.328125 0.07451923076923077 0.05048076923076923
6 0.44350961538461536 0.359375 0.09134615384615384 0.0625
6 0.5444711538461539 0.39302884615384615 0.08173076923076923 0.0625
6 0.28846153846153844 0.3954326923076923 0.08653846153846154 0.055288461538461536
6 0.41586538461538464 0.39903846153846156 0.07932692307692307 0.07692307692307693
6 0.27524038461538464 0.4266826923076923 0.08173076923076923 0.055288461538461536
6 0.5360576923076923 0.4362980769230769 0.0889423076923077 0.04807692307692308
6 0.3918269230769231 0.4411057692307692 0.07932692307692307 0.055288461538461536
6 0.5228365384615384 0.46153846153846156 0.08173076923076923 0.0673076923076923
6 0.3737980769230769 0.47115384615384615 0.07932692307692307 0.0625
6 0.47596153846153844 0.48677884615384615 0.07932692307692307 0.057692307692307696
6 0.4651442307692308 0.5384615384615384 0.08413461538461539 0.06971153846153846
5 0.27403846153846156 0.5625 0.24519230769230768 0.18269230769230768
5 0.33533653846153844 0.796875 0.125 0.1658653846153846
5 0.8425480769230769 0.8461538461538461 0.21153846153846154 0.1971153846153846
5 0.11057692307692307 0.8725961538461539 0.22115384615384615 0.18269230769230768
5 0.7680288461538461 0.9206730769230769 0.2283653846153846 0.15384615384615385
6 0.6538461538461539 0.09735576923076923 0.08173076923076923 0.09134615384615384
5 0.9290865384615384 0.1141826923076923 0.13942307692307693 0.2283653846153846
6 0.5661057692307693 0.13341346153846154 0.09615384615384616 0.057692307692307696
6 0.6502403846153846 0.17067307692307693 0.07451923076923077 0.06971153846153846
6 0.4182692307692308 0.18990384615384615 0.08653846153846154 0.07692307692307693
6 0.5480769230769231 0.21995192307692307 0.08413461538461539 0.04807692307692308