5 0.45089285714285715 0.29464285714285715 0.25892857142857145 0.17410714285714285
6 0.03571428571428571 0.03125 0.07142857142857142 0.0625
5 0.6629464285714286 0.44642857142857145 0.22321428571428573 0.15178571428571427
5 0.8616071428571429 0.515625 0.23214285714285715 0.19196428571428573
6 0.15625 0.6897321428571429 0.08928571428571429 0.0625
5 0.9274553571428571 0.7924107142857143 0.14508928571428573 0.13392857142857142
5 0.23995535714285715 0.8526785714285714 0.21205357142857142 0.15625
6 0.1328125 0.09263392857142858 0.05580357142857143 0.10044642857142858
6 0.6339285714285714 0.9397321428571429 0.09821428571428571 0.07142857142857142
6 0.22098214285714285 0.11941964285714286 0.06696428571428571 0.08258928571428571
6 0.04575892857142857 0.16294642857142858 0.07366071428571429 0.09821428571428571
5 0.31361607142857145 0.21651785714285715 0.234375 0.13839285714285715
6 0.10825892857142858 0.21763392857142858 0.06473214285714286 0.08258928571428571