5 0.12980769230769232 0.40625 0.10096153846153846 0.08653846153846154
5 0.49399038461538464 0.4639423076923077 0.22115384615384615 0.1971153846153846
5 0.2283653846153846 0.5180288461538461 0.12740384615384615 0.17067307692307693
6 0.6706730769230769 0.5600961538461539 0.08413461538461539 0.057692307692307696
6 0.6394230769230769 0.5973557692307693 0.07932692307692307 0.06971153846153846
6 0.7644230769230769 0.5985576923076923 0.06490384615384616 0.0625
5 0.33774038461538464 0.6045673076923077 0.16826923076923078 0.23317307692307693
6 0.7355769230769231 0.625 0.07932692307692307 0.055288461538461536
6 0.5913461538461539 0.6430288461538461 0.07451923076923077 0.05048076923076923
6 0.7331730769230769 0.6598557692307693 0.06490384615384616 0.06009615384615385
6 0.6935096153846154 0.6814903846153846 0.038461538461538464 0.06971153846153846
6 0.5877403846153846 0.6850961538461539 0.09134615384615384 0.057692307692307696
6 0.6754807692307693 0.7067307692307693 0.052884615384615384 0.06009615384615385
6 0.8197115384615384 0.7331730769230769 0.07451923076923077 0.11538461538461539
6 0.7692307692307693 0.734375 0.04326923076923077 0.0889423076923077
6 0.7355769230769231 0.7475961538461539 0.052884615384615384 0.0889423076923077
6 0.6935096153846154 0.7524038461538461 0.052884615384615384 0.0673076923076923
6 0.6370192307692307 0.7680288461538461 0.07932692307692307 0.0625
5 0.7487980769230769 0.8978365384615384 0.22115384615384615 0.11298076923076923
5 0.8245192307692307 0.984375 0.14182692307692307 0.026442307692307692