6 0.3828125 0.22433035714285715 0.020089285714285716 0.078125
6 0.5390625 0.23772321428571427 0.046875 0.10044642857142858
6 0.41294642857142855 0.25223214285714285 0.03125 0.07589285714285714
6 0.5736607142857143 0.2578125 0.044642857142857144 0.09598214285714286
6 0.42075892857142855 0.28013392857142855 0.024553571428571428 0.05133928571428571
6 0.6127232142857143 0.28794642857142855 0.05133928571428571 0.07142857142857142
6 0.43638392857142855 0.29910714285714285 0.05133928571428571 0.09375
5 0.9441964285714286 0.03236607142857143 0.11160714285714286 0.06473214285714286
6 0.8314732142857143 0.31473214285714285 0.08705357142857142 0.07589285714285714
6 0.6395089285714286 0.3158482142857143 0.046875 0.07366071428571429
6 0.6640625 0.33482142857142855 0.04241071428571429 0.07589285714285714
6 0.45200892857142855 0.34598214285714285 0.029017857142857144 0.08035714285714286
6 0.7332589285714286 0.34933035714285715 0.05580357142857143 0.08705357142857142
6 0.5078125 0.37276785714285715 0.029017857142857144 0.0625
6 0.7667410714285714 0.3794642857142857 0.03794642857142857 0.08482142857142858
6 0.9162946428571429 0.38058035714285715 0.08705357142857142 0.060267857142857144
6 0.5904017857142857 0.38839285714285715 0.06919642857142858 0.07142857142857142
6 0.4654017857142857 0.3984375 0.033482142857142856 0.09598214285714286
6 0.8046875 0.40848214285714285 0.05580357142857143 0.07589285714285714
6 0.6752232142857143 0.42410714285714285 0.08705357142857142 0.05803571428571429
6 0.5669642857142857 0.4252232142857143 0.03571428571428571 0.05580357142857143
6 0.48549107142857145 0.4296875 0.033482142857142856 0.078125
6 0.8805803571428571 0.4497767857142857 0.046875 0.06473214285714286
6 0.6506696428571429 0.46205357142857145 0.08705357142857142 0.05803571428571429
6 0.9162946428571429 0.46205357142857145 0.046875 0.08928571428571429
6 0.5200892857142857 0.46316964285714285 0.03571428571428571 0.09151785714285714
6 0.9475446428571429 0.48549107142857145 0.03794642857142857 0.08258928571428571
6 0.6417410714285714 0.4955357142857143 0.078125 0.06696428571428571
6 0.9787946428571429 0.4955357142857143 0.04241071428571429 0.07142857142857142
6 0.7388392857142857 0.5145089285714286 0.07589285714285714 0.046875
6 0.6104910714285714 0.53125 0.06473214285714286 0.05803571428571429
6 0.7332589285714286 0.5491071428571429 0.08705357142857142 0.049107142857142856
6 0.5792410714285714 0.5558035714285714 0.07366071428571429 0.08035714285714286
6 0.7042410714285714 0.5758928571428571 0.07366071428571429 0.05803571428571429
6 0.8404017857142857 0.5758928571428571 0.08258928571428571 0.06696428571428571
6 0.9743303571428571 0.5770089285714286 0.05133928571428571 0.03794642857142857
6 0.6919642857142857 0.6138392857142857 0.08928571428571429 0.0625
6 0.8024553571428571 0.6138392857142857 0.08705357142857142 0.05357142857142857
6 0.8002232142857143 0.6584821428571429 0.09598214285714286 0.0625
6 0.46763392857142855 0.6752232142857143 0.08705357142857142 0.060267857142857144
6 0.8984375 0.6752232142857143 0.10044642857142858 0.060267857142857144
6 0.8816964285714286 0.7254464285714286 0.09821428571428571 0.07142857142857142
6 0.7533482142857143 0.8504464285714286 0.08705357142857142 0.07142857142857142
6 0.28125 0.10044642857142858 0.05357142857142857 0.09821428571428571
6 0.3158482142857143 0.12611607142857142 0.046875 0.08705357142857142
6 0.34598214285714285 0.12723214285714285 0.04017857142857143 0.10714285714285714
6 0.3783482142857143 0.140625 0.033482142857142856 0.10267857142857142
6 0.42075892857142855 0.14397321428571427 0.033482142857142856 0.10491071428571429
6 0.5390625 0.15625 0.08705357142857142 0.08928571428571429
6 0.45200892857142855 0.19419642857142858 0.033482142857142856 0.09821428571428571
6 0.6294642857142857 0.21763392857142858 0.08035714285714286 0.07366071428571429