6 0.38221153846153844 0.2247596153846154 0.021634615384615384 0.07932692307692307
6 0.5384615384615384 0.23798076923076922 0.04807692307692308 0.10096153846153846
6 0.41346153846153844 0.25240384615384615 0.03125 0.07692307692307693
6 0.5733173076923077 0.25721153846153844 0.04326923076923077 0.09615384615384616
6 0.4206730769230769 0.2800480769230769 0.02403846153846154 0.052884615384615384
6 0.6129807692307693 0.28846153846153844 0.05048076923076923 0.07211538461538461
6 0.4362980769230769 0.29927884615384615 0.052884615384615384 0.09375
5 0.9435096153846154 0.03365384615384615 0.11057692307692307 0.0673076923076923
6 0.8317307692307693 0.31490384615384615 0.08653846153846154 0.07692307692307693
6 0.6394230769230769 0.3161057692307692 0.04807692307692308 0.07451923076923077
6 0.6634615384615384 0.33533653846153844 0.04326923076923077 0.07692307692307693
6 0.4519230769230769 0.34615384615384615 0.028846153846153848 0.08173076923076923
6 0.7331730769230769 0.34975961538461536 0.055288461538461536 0.08653846153846154
6 0.5072115384615384 0.37259615384615385 0.028846153846153848 0.0625
6 0.7668269230769231 0.3798076923076923 0.038461538461538464 0.08653846153846154
6 0.9158653846153846 0.38100961538461536 0.08653846153846154 0.06009615384615385
6 0.5901442307692307 0.38822115384615385 0.06971153846153846 0.07211538461538461
6 0.4651442307692308 0.39903846153846156 0.03365384615384615 0.09615384615384616
6 0.8052884615384616 0.40865384615384615 0.055288461538461536 0.07692307692307693
6 0.6754807692307693 0.42427884615384615 0.08653846153846154 0.057692307692307696
6 0.5673076923076923 0.4254807692307692 0.036057692307692304 0.055288461538461536
6 0.4855769230769231 0.43028846153846156 0.03365384615384615 0.07932692307692307
6 0.8810096153846154 0.4495192307692308 0.04807692307692308 0.06490384615384616
6 0.6502403846153846 0.46153846153846156 0.08653846153846154 0.057692307692307696
6 0.9158653846153846 0.46153846153846156 0.04807692307692308 0.0889423076923077
6 0.5204326923076923 0.46274038461538464 0.036057692307692304 0.09134615384615384
6 0.9471153846153846 0.4855769230769231 0.038461538461538464 0.08413461538461539
6 0.6418269230769231 0.4951923076923077 0.07692307692307693 0.0673076923076923
6 0.9771634615384616 0.4963942307692308 0.040865384615384616 0.07451923076923077
6 0.7391826923076923 0.5144230769230769 0.07692307692307693 0.04807692307692308
6 0.6105769230769231 0.53125 0.06490384615384616 0.057692307692307696
6 0.7331730769230769 0.5492788461538461 0.08653846153846154 0.05048076923076923
6 0.5793269230769231 0.5552884615384616 0.07211538461538461 0.08173076923076923
6 0.7043269230769231 0.5757211538461539 0.07451923076923077 0.057692307692307696
6 0.8401442307692307 0.5757211538461539 0.08413461538461539 0.0673076923076923
6 0.9735576923076923 0.578125 0.05048076923076923 0.038461538461538464
6 0.6923076923076923 0.6141826923076923 0.0889423076923077 0.0625
6 0.8028846153846154 0.6141826923076923 0.08653846153846154 0.055288461538461536
6 0.8004807692307693 0.6586538461538461 0.09615384615384616 0.0625
6 0.4675480769230769 0.6754807692307693 0.08653846153846154 0.06009615384615385
6 0.8990384615384616 0.6754807692307693 0.10096153846153846 0.06009615384615385
6 0.8822115384615384 0.7259615384615384 0.0985576923076923 0.07211538461538461
5 0.2620192307692308 0.7956730769230769 0.49759615384615385 0.37259615384615385
6 0.7536057692307693 0.8509615384615384 0.08653846153846154 0.07211538461538461
6 0.28125 0.10096153846153846 0.055288461538461536 0.0985576923076923
6 0.3161057692307692 0.12620192307692307 0.04807692307692308 0.08653846153846154
6 0.34615384615384615 0.12740384615384615 0.040865384615384616 0.10817307692307693
6 0.3786057692307692 0.140625 0.03365384615384615 0.10336538461538461
6 0.4206730769230769 0.14423076923076922 0.03365384615384615 0.10576923076923077
6 0.5384615384615384 0.15625 0.08653846153846154 0.0889423076923077
6 0.4519230769230769 0.19471153846153846 0.03365384615384615 0.0985576923076923
6 0.6298076923076923 0.21754807692307693 0.08173076923076923 0.07451923076923077