5 0.9229910714285714 0.3125 0.15401785714285715 0.17410714285714285
5 0.0546875 0.3325892857142857 0.08705357142857142 0.15178571428571427
5 0.15290178571428573 0.34375 0.11830357142857142 0.16071428571428573
5 0.28348214285714285 0.3671875 0.15625 0.203125
5 0.8560267857142857 0.4263392857142857 0.19866071428571427 0.1875
5 0.7756696428571429 0.515625 0.22544642857142858 0.20089285714285715
5 0.7176339285714286 0.6316964285714286 0.21205357142857142 0.17857142857142858
6 0.5033482142857143 0.6629464285714286 0.060267857142857144 0.08482142857142858
6 0.5546875 0.6852678571428571 0.046875 0.07142857142857142
5 0.1015625 0.734375 0.140625 0.15178571428571427
6 0.6629464285714286 0.7488839285714286 0.07589285714285714 0.08258928571428571
6 0.42857142857142855 0.828125 0.05803571428571429 0.07142857142857142
6 0.4732142857142857 0.8526785714285714 0.049107142857142856 0.06696428571428571
5 0.7790178571428571 0.13727678571428573 0.15625 0.17633928571428573
5 0.9441964285714286 0.18526785714285715 0.11160714285714286 0.15625