6 0.40736607142857145 0.25669642857142855 0.10491071428571429 0.0625
5 0.19642857142857142 0.5011160714285714 0.23214285714285715 0.19419642857142858
5 0.8303571428571429 0.5223214285714286 0.2544642857142857 0.125
5 0.15178571428571427 0.6305803571428571 0.21875 0.19866071428571427
5 0.9040178571428571 0.6383928571428571 0.19196428571428573 0.15178571428571427
5 0.05580357142857143 0.7533482142857143 0.09375 0.09598214285714286
6 0.7600446428571429 0.7845982142857143 0.09151785714285714 0.05133928571428571
6 0.7477678571428571 0.8169642857142857 0.09375 0.0625
6 0.8515625 0.8348214285714286 0.08705357142857142 0.06696428571428571
6 0.8314732142857143 0.8705357142857143 0.08258928571428571 0.05357142857142857
6 0.9408482142857143 0.8950892857142857 0.10044642857142858 0.0625
6 0.43080357142857145 0.9006696428571429 0.04017857142857143 0.10044642857142858
6 0.47098214285714285 0.9006696428571429 0.05357142857142857 0.09151785714285714
6 0.8169642857142857 0.9084821428571429 0.09375 0.05357142857142857
6 0.39620535714285715 0.9118303571428571 0.033482142857142856 0.10044642857142858
6 0.375 0.9129464285714286 0.03125 0.09821428571428571
6 0.9162946428571429 0.9319196428571429 0.09151785714285714 0.046875
6 0.8147321428571429 0.9486607142857143 0.09375 0.0625
6 0.9073660714285714 0.9575892857142857 0.09151785714285714 0.05357142857142857
5 0.15513392857142858 0.11830357142857142 0.203125 0.18303571428571427
6 0.34486607142857145 0.14285714285714285 0.07366071428571429 0.06696428571428571
6 0.2935267857142857 0.20200892857142858 0.08705357142857142 0.04241071428571429