6 0.4074519230769231 0.25721153846153844 0.10576923076923077 0.0625
5 0.19591346153846154 0.5012019230769231 0.23317307692307693 0.19471153846153846
5 0.8305288461538461 0.5228365384615384 0.2548076923076923 0.125
5 0.15144230769230768 0.6310096153846154 0.21875 0.19951923076923078
5 0.9026442307692307 0.6394230769230769 0.18990384615384615 0.15384615384615385
5 0.6730769230769231 0.6478365384615384 0.19471153846153846 0.17307692307692307
5 0.055288461538461536 0.7536057692307693 0.09375 0.09615384615384616
6 0.7596153846153846 0.7848557692307693 0.09134615384615384 0.052884615384615384
6 0.7475961538461539 0.8173076923076923 0.09375 0.0625
6 0.8509615384615384 0.8353365384615384 0.08653846153846154 0.0673076923076923
6 0.8317307692307693 0.8701923076923077 0.08413461538461539 0.055288461538461536
6 0.9411057692307693 0.8954326923076923 0.10096153846153846 0.0625
6 0.43028846153846156 0.9002403846153846 0.040865384615384616 0.10096153846153846
6 0.47115384615384615 0.9002403846153846 0.055288461538461536 0.09134615384615384
6 0.8173076923076923 0.9086538461538461 0.09375 0.055288461538461536
6 0.39663461538461536 0.9122596153846154 0.03365384615384615 0.10096153846153846
6 0.375 0.9134615384615384 0.03125 0.0985576923076923
6 0.9158653846153846 0.9314903846153846 0.09134615384615384 0.04807692307692308
6 0.8149038461538461 0.9483173076923077 0.09375 0.0625
6 0.9074519230769231 0.9579326923076923 0.09134615384615384 0.055288461538461536
5 0.15504807692307693 0.11778846153846154 0.20432692307692307 0.18269230769230768
6 0.3449519230769231 0.14302884615384615 0.07451923076923077 0.0673076923076923
6 0.2932692307692308 0.20192307692307693 0.08653846153846154 0.04326923076923077