5 0.921875 0.3137019230769231 0.15144230769230768 0.1778846153846154
5 0.055288461538461536 0.3329326923076923 0.08653846153846154 0.15144230769230768
5 0.15264423076923078 0.34375 0.11778846153846154 0.16105769230769232
5 0.28365384615384615 0.36778846153846156 0.15625 0.20192307692307693
5 0.8557692307692307 0.4266826923076923 0.19951923076923078 0.1875
5 0.7752403846153846 0.515625 0.22596153846153846 0.20192307692307693
5 0.7175480769230769 0.6322115384615384 0.21153846153846154 0.18028846153846154
6 0.5036057692307693 0.6634615384615384 0.06009615384615385 0.08653846153846154
6 0.5552884615384616 0.6850961538461539 0.04807692307692308 0.07211538461538461
5 0.10096153846153846 0.734375 0.14182692307692307 0.15144230769230768
6 0.6634615384615384 0.7487980769230769 0.07451923076923077 0.08413461538461539
6 0.42908653846153844 0.828125 0.057692307692307696 0.07211538461538461
6 0.4735576923076923 0.8521634615384616 0.05048076923076923 0.0673076923076923
5 0.7788461538461539 0.13701923076923078 0.15625 0.1778846153846154
5 0.9435096153846154 0.18629807692307693 0.11057692307692307 0.15865384615384615