5 0.47596153846153844 0.25841346153846156 0.22355769230769232 0.1971153846153846
6 0.03125 0.40384615384615385 0.055288461538461536 0.10336538461538461
6 0.0673076923076923 0.44471153846153844 0.05048076923076923 0.09134615384615384
6 0.2704326923076923 0.5108173076923077 0.040865384615384616 0.0889423076923077
6 0.21153846153846154 0.5288461538461539 0.07932692307692307 0.11298076923076923
6 0.3137019230769231 0.5480769230769231 0.07451923076923077 0.11057692307692307
6 0.6526442307692307 0.6346153846153846 0.08413461538461539 0.06971153846153846
6 0.5973557692307693 0.8016826923076923 0.08653846153846154 0.08653846153846154
5 0.7740384615384616 0.8389423076923077 0.16346153846153846 0.22355769230769232
6 0.6586538461538461 0.8497596153846154 0.040865384615384616 0.07451923076923077
5 0.23798076923076922 0.0985576923076923 0.24278846153846154 0.19230769230769232