5 0.47544642857142855 0.25892857142857145 0.22321428571428573 0.19642857142857142
6 0.03125 0.40401785714285715 0.05357142857142857 0.10267857142857142
6 0.06696428571428571 0.4453125 0.049107142857142856 0.09151785714285714
6 0.2700892857142857 0.5111607142857143 0.04017857142857143 0.08928571428571429
6 0.2109375 0.5290178571428571 0.078125 0.11160714285714286
6 0.31361607142857145 0.5479910714285714 0.07366071428571429 0.109375
6 0.6529017857142857 0.6350446428571429 0.08258928571428571 0.06919642857142858
6 0.5970982142857143 0.8013392857142857 0.08705357142857142 0.08482142857142858
5 0.7734375 0.8392857142857143 0.16294642857142858 0.22321428571428573
6 0.6584821428571429 0.8493303571428571 0.04017857142857143 0.07366071428571429
5 0.23772321428571427 0.09821428571428571 0.24330357142857142 0.19196428571428573