9 0.49951171875 0.7020497803806734 0.0712890625 0.4699853587115666
9 0.4150390625 0.7027818448023426 0.080078125 0.4685212298682284
9 0.12109375 0.6961932650073206 0.193359375 0.6076134699853587
9 0.21435546875 0.6903367496339677 0.1787109375 0.6105417276720352
9 0.2841796875 0.6793557833089312 0.173828125 0.6295754026354319
9 0.57373046875 0.6837481698389458 0.0654296875 0.4480234260614934
9 0.6201171875 0.6471449487554904 0.107421875 0.45095168374816985
9 0.6884765625 0.6588579795021962 0.1171875 0.4128843338213763
9 0.7548828125 0.6288433382137628 0.107421875 0.3850658857979502
9 0.81201171875 0.6215226939970717 0.0888671875 0.3528550512445095
9 0.84375 0.6134699853587116 0.06640625 0.35724743777452417
9 0.87890625 0.6317715959004392 0.08984375 0.33528550512445093
9 0.93115234375 0.5988286969253295 0.0771484375 0.32503660322108346
9 0.90869140625 0.6120058565153733 0.0771484375 0.32503660322108346
9 0.3544921875 0.7254758418740849 0.15234375 0.5285505124450952