13 0.10380881254667662 0.1486183719193428 0.10903659447348768 0.28230022404779687
13 0.9189693801344286 0.14899178491411502 0.10828976848394324 0.27856609410007466
13 0.3693054518297237 0.14936519790888722 0.10978342046303212 0.2830470500373413
13 0.6206123973114265 0.14973861090365945 0.09858103061986558 0.28230022404779687
13 0.21247199402539207 0.14899178491411502 0.070201643017177 0.2837938760268857
13 0.10231516056758776 0.43764002987303957 0.10903659447348768 0.2598954443614638
13 0.7315160567587752 0.1486183719193428 0.07169529499626587 0.280806572068708
13 0.36855862584017923 0.44324122479462286 0.10903659447348768 0.268857356235997
13 0.10194174757281553 0.7382374906646751 0.10828976848394324 0.280806572068708
13 0.6191187453323376 0.4421209858103062 0.10082150858849888 0.2643764002987304
13 0.9185959671396564 0.4361463778939507 0.1075429424943988 0.25392083644510827
13 0.4798356982823002 0.14973861090365945 0.06870799103808813 0.2830470500373413
13 0.3678117998506348 0.7408513816280806 0.1075429424943988 0.27781926811053026
13 0.6187453323375653 0.7408513816280806 0.10007468259895444 0.2793129200896191
13 0.9193427931292009 0.7408513816280806 0.10828976848394324 0.28005974607916356
13 0.2128454070201643 0.4402539208364451 0.06870799103808813 0.2643764002987304
13 0.7322628827483196 0.4368932038834951 0.06945481702763256 0.2591486183719193
13 0.2128454070201643 0.739731142643764 0.070201643017177 0.28230022404779687
13 0.47684839432412246 0.44286781179985063 0.06870799103808813 0.2703510082150859
13 0.7296489917849142 0.7408513816280806 0.070201643017177 0.280806572068708
13 0.47908887229275576 0.7393577296489918 0.06796116504854369 0.28005974607916356