0 0.4816666666666667 0.5116666666666667 0.37333333333333335 0.5366666666666666
5 0.8194444444444444 0.57 0.027777777777777776 0.021666666666666667
5 0.835 0.7433333333333333 0.022222222222222223 0.023333333333333334
5 0.8327777777777777 0.7091666666666666 0.03777777777777778 0.028333333333333332
5 0.8261111111111111 0.6875 0.03333333333333333 0.023333333333333334
5 0.8244444444444444 0.6675 0.03 0.02
5 0.8233333333333334 0.6475 0.027777777777777776 0.02
5 0.81 0.6225 0.025555555555555557 0.023333333333333334
5 0.8166666666666667 0.6075 0.03 0.015
5 0.8161111111111111 0.5875 0.03222222222222222 0.02666666666666667
5 0.36666666666666664 0.7975 0.021111111111111112 0.028333333333333332
5 0.7488888888888889 0.6875 0.023333333333333334 0.023333333333333334
5 0.7461111111111111 0.6675 0.023333333333333334 0.021666666666666667
5 0.7477777777777778 0.6466666666666666 0.025555555555555557 0.021666666666666667
5 0.745 0.6066666666666667 0.022222222222222223 0.02
5 0.7405555555555555 0.5791666666666667 0.017777777777777778 0.023333333333333334
5 0.7361111111111112 0.5633333333333334 0.023333333333333334 0.021666666666666667
5 0.7361111111111112 0.54 0.024444444444444446 0.021666666666666667