5 0.01375 0.5455729166666666 0.0275 0.0546875
5 0.0475 0.4283854166666667 0.045 0.046875
5 0.3154166666666667 0.4654947916666667 0.0475 0.045572916666666664
5 0.51375 0.533203125 0.07166666666666667 0.05078125
5 0.8679166666666667 0.4811197916666667 0.05 0.057291666666666664
5 0.47291666666666665 0.3125 0.085 0.059895833333333336
5 0.8483333333333334 0.13802083333333334 0.03333333333333333 0.033854166666666664
5 0.43291666666666667 0.17708333333333334 0.04666666666666667 0.0234375
5 0.2775 0.24869791666666666 0.035 0.049479166666666664
5 0.3104166666666667 0.2513020833333333 0.0375 0.046875
5 0.34458333333333335 0.24544270833333334 0.04083333333333333 0.057291666666666664
5 0.3720833333333333 0.23567708333333334 0.035833333333333335 0.037760416666666664
5 0.3333333333333333 0.3072916666666667 0.030833333333333334 0.04296875
3 0.03875 0.5377604166666666 0.02666666666666667 0.040364583333333336
0 0.8095833333333333 0.3131510416666667 0.1225 0.09114583333333333
0 0.1675 0.4947916666666667 0.32166666666666666 0.1640625
0 0.5625 0.4798177083333333 0.15333333333333332 0.06380208333333333
0 0.8925 0.4563802083333333 0.09 0.08072916666666667
0 0.4525 0.3684895833333333 0.115 0.07942708333333333