0 0.1875 0.029296875 0.0625 0.05859375
0 0.212890625 0.146484375 0.08203125 0.08203125
0 0.41796875 0.142578125 0.078125 0.0546875
0 0.49609375 0.134765625 0.078125 0.05859375
0 0.583984375 0.306640625 0.07421875 0.0625
0 0.546875 0.2734375 0.046875 0.04296875
0 0.470703125 0.28125 0.078125 0.05078125
0 0.39453125 0.294921875 0.0703125 0.046875
0 0.326171875 0.298828125 0.0703125 0.05078125
0 0.255859375 0.306640625 0.0546875 0.0546875
0 0.181640625 0.318359375 0.078125 0.0546875
0 0.212890625 0.47265625 0.06640625 0.07421875
0 0.287109375 0.466796875 0.07421875 0.05078125
0 0.361328125 0.4609375 0.07421875 0.05859375
0 0.4375 0.44921875 0.08203125 0.0546875
0 0.642578125 0.59375 0.09765625 0.0546875
0 0.5625 0.6015625 0.05859375 0.046875
0 0.490234375 0.607421875 0.06640625 0.05078125
0 0.421875 0.609375 0.05859375 0.0546875
0 0.349609375 0.615234375 0.078125 0.05078125
0 0.21484375 0.630859375 0.078125 0.05078125
0 0.224609375 0.814453125 0.078125 0.0546875
0 0.595703125 0.767578125 0.06640625 0.0390625
0 0.669921875 0.759765625 0.0703125 0.05078125
0 0.5859375 0.9765625 0.09375 0.046875