0 0.58984375 0.330078125 0.11328125 0.078125
0 0.564453125 0.400390625 0.08984375 0.0703125
0 0.53515625 0.466796875 0.13671875 0.0625
0 0.486328125 0.5390625 0.09765625 0.1015625
0 0.6484375 0.501953125 0.09765625 0.171875
0 0.85546875 0.3828125 0.1953125 0.1171875
0 0.923828125 0.451171875 0.14453125 0.08203125
0 0.791015625 0.451171875 0.12109375 0.0859375
0 0.826171875 0.498046875 0.19140625 0.10546875
0 0.88671875 0.55078125 0.15625 0.078125
0 0.759765625 0.568359375 0.16796875 0.08203125
0 0.8828125 0.71875 0.125 0.08984375
0 0.69140625 0.732421875 0.10546875 0.078125
0 0.771484375 0.712890625 0.10546875 0.10546875
0 0.80078125 0.650390625 0.1796875 0.10546875