13 0.06534727408513816 0.12434652725914862 0.10156833457804332 0.22404779686333084
13 0.06497386109036594 0.623226288274832 0.10156833457804332 0.2210604929051531
13 0.18334578043315908 0.1239731142643764 0.10082150858849888 0.22479462285287527
13 0.3043315907393577 0.1239731142643764 0.10306198655713218 0.22404779686333084
13 0.18259895444361463 0.6235997012696042 0.10082150858849888 0.22404779686333084
13 0.9312920089619119 0.6235997012696042 0.10380881254667662 0.22031366691560866
13 0.42643764002987306 0.12434652725914862 0.09932785660941 0.2210604929051531
13 0.6915608663181478 0.12546676624346528 0.09634055265123226 0.22554144884241972
13 0.9301717699775952 0.12322628827483197 0.10380881254667662 0.22330097087378642
13 0.8106796116504854 0.6243465272591486 0.10231516056758776 0.22255414488424197
13 0.6904406273338313 0.623226288274832 0.09858103061986558 0.22404779686333084
13 0.3032113517550411 0.6243465272591486 0.10231516056758776 0.22404779686333084
13 0.0642270351008215 0.36519790888722925 0.10231516056758776 0.2210604929051531
13 0.42606422703510083 0.6235997012696042 0.09932785660941 0.2210604929051531
13 0.8095593726661687 0.12359970126960418 0.10231516056758776 0.22404779686333084
13 0.06348020911127707 0.8633308439133682 0.10231516056758776 0.22031366691560866
13 0.18259895444361463 0.36669156086631816 0.10082150858849888 0.2173263629574309
13 0.690067214339059 0.8637042569081405 0.09858103061986558 0.21956684092606424
13 0.522404779686333 0.3480209111277072 0.09335324869305452 0.22031366691560866
13 0.520537714712472 0.8491411501120238 0.09260642270351008 0.21956684092606424
13 0.18222554144884243 0.8663181478715459 0.10156833457804332 0.21882001493651979
13 0.9454817027632562 0.3655713218820015 0.10306198655713218 0.22031366691560866
13 0.6908140403286034 0.3648244958924571 0.09932785660941 0.21807318894697536
13 0.8091859596713966 0.3655713218820015 0.10306198655713218 0.21807318894697536
13 0.3166542195668409 0.3655713218820015 0.10380881254667662 0.21657953696788648
13 0.809932785660941 0.8666915608663182 0.10306198655713218 0.2210604929051531
13 0.9454817027632562 0.8655713218820015 0.10306198655713218 0.2210604929051531
13 0.31702763256161315 0.8651979088872293 0.10380881254667662 0.2173263629574309