13 0.09185959671396565 0.6235997012696042 0.070201643017177 0.18745332337565349
13 0.6176250933532487 0.12471994025392083 0.07094846900672143 0.18670649738610903
13 0.12285287528005974 0.12509335324869306 0.070201643017177 0.18745332337565349
13 0.33719193427931293 0.6239731142643764 0.07169529499626587 0.18745332337565349
13 0.8633308439133682 0.12434652725914862 0.07244212098581031 0.18670649738610903
13 0.3693054518297237 0.12471994025392083 0.07169529499626587 0.18670649738610903
13 0.8409260642270351 0.6280806572068708 0.07094846900672143 0.18745332337565349
13 0.10941000746825989 0.3700522778192681 0.07094846900672143 0.1859596713965646
13 0.5948469006721434 0.6280806572068708 0.07094846900672143 0.18745332337565349
13 0.8775205377147125 0.37677371172516805 0.07244212098581031 0.18446601941747573
13 0.6067961165048543 0.3700522778192681 0.07094846900672143 0.18446601941747573
13 0.34988797610156835 0.8756534727408514 0.07244212098581031 0.18297236743838685
13 0.07804331590739358 0.8696788648244959 0.070201643017177 0.1837191934279313
13 0.38088125466766243 0.37565347274085137 0.07542942494398805 0.1859596713965646
13 0.8536221060492906 0.8790141896938013 0.07094846900672143 0.1837191934279313
13 0.5821508588498879 0.8730395817774459 0.07094846900672143 0.18297236743838685