13 0.4312920089619119 0.19790888722927558 0.128454070201643 0.3450336071695295
13 0.6893203883495146 0.19678864824495892 0.11277072442120986 0.3487677371172517
13 0.1796116504854369 0.19753547423450335 0.12920089619118746 0.3450336071695295
13 0.9290515309932785 0.5772964899178491 0.1344286781179985 0.3345780433159074
13 0.9268110530246453 0.19790888722927558 0.13368185212845407 0.3450336071695295
13 0.4335324869305452 0.5772964899178491 0.1262135922330097 0.33607169529499625
13 0.17923823749066467 0.5765496639283048 0.1277072442120986 0.33532486930545186
13 0.06721433905899925 0.19940253920836445 0.07468259895444361 0.3450336071695295
13 0.6885735623599701 0.5765496639283048 0.12023898431665422 0.3412994772218073
13 0.06796116504854369 0.5776699029126213 0.07468259895444361 0.3368185212845407
13 0.3200149365197909 0.19940253920836445 0.07542942494398805 0.3450336071695295
13 0.818521284540702 0.19940253920836445 0.07916355489171023 0.34428678117998507
13 0.3200149365197909 0.578790141896938 0.07542942494398805 0.33532486930545186
13 0.8192681105302465 0.5761762509335325 0.07841672890216579 0.33383121732636295
13 0.5716952949962659 0.5765496639283048 0.07094846900672143 0.339058999253174
13 0.5713218820014937 0.19902912621359223 0.07169529499626587 0.3487677371172517