13 0.09036594473487677 0.17064973861090366 0.12173263629574309 0.3196415235250187
13 0.22031366691560866 0.17102315160567588 0.10604929051530994 0.321882001493652
13 0.3965646004480956 0.17102315160567588 0.12173263629574309 0.321882001493652
13 0.7528005974607916 0.1717699775952203 0.11949215832710978 0.32113517550410753
13 0.5227781926811053 0.17102315160567588 0.10455563853622106 0.32113517550410753
13 0.08849887976101568 0.4940253920836445 0.12247946228528753 0.2867811799850635
13 0.8805078416728902 0.16915608663181478 0.10828976848394324 0.31590739357729647
13 0.10903659447348768 0.8319641523525019 0.12173263629574309 0.3174010455563854
13 0.4070201643017177 0.4955190440627334 0.12247946228528753 0.29574309185959674
13 0.22031366691560866 0.4936519790888723 0.10455563853622106 0.28976848394324123
13 0.40403286034353997 0.8312173263629574 0.11874533233756535 0.3144137415982076
13 0.7427184466019418 0.48917102315160566 0.11874533233756535 0.2875280059746079
13 0.24085138162808065 0.8319641523525019 0.10380881254667662 0.3181478715459298
13 0.7184466019417476 0.8300970873786407 0.1135175504107543 0.3144137415982076
13 0.8734129947722181 0.4895444361463779 0.10604929051530994 0.2830470500373413
13 0.5343539955190441 0.4943988050784167 0.1053024645257655 0.29574309185959674
13 0.8465272591486184 0.828603435399552 0.10604929051530994 0.3166542195668409
13 0.5351008215085885 0.8319641523525019 0.10231516056758776 0.3166542195668409