13 0.042195668409260645 0.08439133681852129 0.070201643017177 0.16878267363704258
13 0.11277072442120986 0.08513816280806571 0.06721433905899925 0.16654219566840925
13 0.19940253920836445 0.08663181478715459 0.061239731142643763 0.16206123973114264
13 0.04518297236743839 0.5825242718446602 0.061239731142643763 0.16206123973114264
13 0.26325616131441376 0.08625840179238238 0.0537714712471994 0.16206123973114264
13 0.3816280806572069 0.0870052277819268 0.060492905153099324 0.16280806572068707
13 0.10978342046303212 0.5814040328603436 0.0537714712471994 0.16206123973114264
13 0.541075429424944 0.0870052277819268 0.05899925317401045 0.16056758775205376
13 0.8764002987303958 0.08588498879761015 0.061239731142643763 0.15832710978342046
13 0.7584017923823749 0.08625840179238238 0.05451829723674384 0.16056758775205376
13 0.6915608663181478 0.08737864077669903 0.05825242718446602 0.16131441374159822
13 0.045929798356982826 0.25130694548170274 0.061239731142643763 0.1590739357729649
13 0.4480955937266617 0.0870052277819268 0.05227781926811053 0.16056758775205376
13 0.6123973114264376 0.5892457057505601 0.05302464525765497 0.1650485436893204
13 0.19902912621359223 0.5836445108289768 0.060492905153099324 0.16355489171023152
13 0.9424943988050785 0.08551157580283794 0.05451829723674384 0.15832710978342046
13 0.8842419716206124 0.5884988797610157 0.061239731142643763 0.16131441374159822
13 0.26400298730395816 0.5828976848394324 0.0537714712471994 0.16430171769977595
13 0.44772218073188946 0.5825242718446602 0.05227781926811053 0.16355489171023152
13 0.04518297236743839 0.7475728155339806 0.060492905153099324 0.15982076176250934
13 0.7666168782673637 0.5877520537714712 0.05451829723674384 0.16280806572068707
13 0.5470500373412994 0.5888722927557879 0.05899925317401045 0.16430171769977595
13 0.7016430171769977 0.5884988797610157 0.060492905153099324 0.1650485436893204
13 0.2046303211351755 0.25280059746079164 0.060492905153099324 0.16056758775205376
13 0.26773711725168037 0.2524271844660194 0.0537714712471994 0.16056758775205376
13 0.10941000746825989 0.7490664675130695 0.05302464525765497 0.1590739357729649
13 0.10978342046303212 0.25093353248693057 0.05302464525765497 0.1590739357729649
13 0.26773711725168037 0.7490664675130695 0.0537714712471994 0.15982076176250934
13 0.20351008215085886 0.7479462285287528 0.05974607916355489 0.15982076176250934
13 0.9495892457057505 0.5877520537714712 0.05302464525765497 0.15832710978342046
13 0.3820014936519791 0.5828976848394324 0.060492905153099324 0.16430171769977595
13 0.4391336818521285 0.7490664675130695 0.05302464525765497 0.15982076176250934
13 0.44100074682598955 0.2520537714712472 0.05227781926811053 0.16056758775205376
13 0.541075429424944 0.2520537714712472 0.05974607916355489 0.16206123973114264
13 0.8790141896938013 0.7528005974607916 0.061239731142643763 0.15982076176250934
13 0.7718446601941747 0.7535474234503361 0.0537714712471994 0.15832710978342046
13 0.7050037341299478 0.7520537714712472 0.05899925317401045 0.16056758775205376
13 0.614637789395071 0.7539208364451083 0.05153099327856609 0.1590739357729649
13 0.6049290515309933 0.2520537714712472 0.05227781926811053 0.16280806572068707
13 0.5474234503360716 0.7542942494398805 0.05899925317401045 0.16206123973114264
13 0.9424943988050785 0.7490664675130695 0.05451829723674384 0.1590739357729649
13 0.7651232262882748 0.2524271844660194 0.05451829723674384 0.16131441374159822
13 0.69865571321882 0.2520537714712472 0.05974607916355489 0.16206123973114264
13 0.05414488424197162 0.41598207617625094 0.061239731142643763 0.15683345780433158
13 0.11874533233756535 0.4174757281553398 0.05451829723674384 0.1553398058252427
13 0.36445108289768485 0.41822255414488424 0.060492905153099324 0.15832710978342046
13 0.936519790888723 0.25056011949215834 0.0537714712471994 0.15683345780433158
13 0.37490664675130697 0.7479462285287528 0.05899925317401045 0.15832710978342046
13 0.37490664675130697 0.25280059746079164 0.05974607916355489 0.16056758775205376
13 0.20351008215085886 0.41859596713965647 0.060492905153099324 0.15758028379387604
13 0.9227035100821509 0.41859596713965647 0.0537714712471994 0.15683345780433158
13 0.42830470500373413 0.4174757281553398 0.05227781926811053 0.15832710978342046
13 0.549663928304705 0.4197162061239731 0.05899925317401045 0.16131441374159822
13 0.8573562359970127 0.4193427931292009 0.060492905153099324 0.15982076176250934
13 0.2681105302464526 0.41822255414488424 0.0537714712471994 0.1553398058252427
13 0.05526512322628827 0.9141150112023898 0.060492905153099324 0.15982076176250934
13 0.69865571321882 0.42046303211351754 0.05974607916355489 0.16206123973114264
13 0.7651232262882748 0.4193427931292009 0.0537714712471994 0.16131441374159822
13 0.26773711725168037 0.9156086631814787 0.0537714712471994 0.16131441374159822
13 0.11911874533233757 0.914488424197162 0.05302464525765497 0.16056758775205376
13 0.20351008215085886 0.9156086631814787 0.060492905153099324 0.16206123973114264
13 0.42643764002987306 0.9141150112023898 0.05227781926811053 0.16056758775205376
13 0.36445108289768485 0.9159820761762509 0.05974607916355489 0.15982076176250934
13 0.7733383121732637 0.9189693801344286 0.05451829723674384 0.1590739357729649
13 0.7046303211351755 0.9171023151605676 0.05825242718446602 0.16056758775205376
13 0.9320388349514563 0.9163554891710232 0.05302464525765497 0.15683345780433158
13 0.8663181478715459 0.9178491411501121 0.061239731142643763 0.15832710978342046
13 0.5575056011949215 0.9189693801344286 0.05899925317401045 0.15982076176250934
13 0.6157580283793876 0.41822255414488424 0.05526512322628827 0.1650485436893204
13 0.6213592233009708 0.9159820761762509 0.05675877520537715 0.16803584764749813
13 0.6045556385362211 0.08588498879761015 0.06348020911127707 0.1717699775952203
13 0.871545929798357 0.2557879014189694 0.060492905153099324 0.16430171769977595