13 0.9268110530246453 0.515309932785661 0.10156833457804332 0.2837938760268857
13 0.07991038088125467 0.5190440627333831 0.10007468259895444 0.28005974607916356
13 0.5806572068707991 0.4910380881254668 0.10007468259895444 0.27856609410007466
13 0.07953696788648244 0.8502613890963405 0.10156833457804332 0.2882748319641524
13 0.07991038088125467 0.17699775952203137 0.10082150858849888 0.3241224794622853
13 0.9256908140403286 0.8502613890963405 0.10306198655713218 0.2905153099327857
13 0.5791635548917102 0.17289021657953696 0.10007468259895444 0.3166542195668409
13 0.8297236743838685 0.17625093353248694 0.10156833457804332 0.32262882748319643
13 0.3308439133681852 0.5089619118745332 0.10007468259895444 0.2681105302464526
13 0.3300970873786408 0.17699775952203137 0.10156833457804332 0.32262882748319643
13 0.32972367438386857 0.8398058252427184 0.10082150858849888 0.3061986557132188
13 0.5806572068707991 0.8412994772218073 0.10082150858849888 0.30918595967139656