13 0.041075429424943986 0.0970873786407767 0.07692307692307693 0.1941747572815534
13 0.6359223300970874 0.4727408513816281 0.05302464525765497 0.17102315160567588
13 0.7748319641523524 0.46228528752800596 0.05825242718446602 0.17027632561613143
13 0.9096340552651232 0.46564600448095594 0.05526512322628827 0.17475728155339806
13 0.5052277819268111 0.4731142643764003 0.07468259895444361 0.20911127707244212
13 0.043315907393577296 0.7147124719940254 0.05526512322628827 0.17625093353248694
13 0.9096340552651232 0.09335324869305452 0.05601194921583271 0.169529499626587
13 0.6362957430918595 0.09634055265123226 0.05302464525765497 0.1755041075429425
13 0.3177744585511576 0.09447348767737117 0.05675877520537715 0.1717699775952203
13 0.4529499626587005 0.09596713965646005 0.0537714712471994 0.17475728155339806
13 0.18073188946975355 0.09634055265123226 0.05526512322628827 0.1777445855115758
13 0.9100074682598954 0.6415235250186706 0.05526512322628827 0.16280806572068707
13 0.7733383121732637 0.6448842419716206 0.05601194921583271 0.17326362957430919
13 0.18035847647498132 0.7132188200149365 0.05451829723674384 0.17625093353248694
13 0.6359223300970874 0.6448842419716206 0.05302464525765497 0.17102315160567588
13 0.7725914861837192 0.09634055265123226 0.05675877520537715 0.17699775952203137
13 0.31702763256161315 0.7113517550410754 0.05526512322628827 0.17027632561613143
13 0.45332337565347275 0.713965646004481 0.0537714712471994 0.1717699775952203
13 0.04256908140403286 0.28454070201643017 0.05601194921583271 0.17251680358476476
13 0.18035847647498132 0.2826736370425691 0.05526512322628827 0.16803584764749813
13 0.9107542942494399 0.27520537714712473 0.05601194921583271 0.17251680358476476
13 0.9096340552651232 0.8222554144884242 0.05601194921583271 0.17102315160567588
13 0.043689320388349516 0.4652725914861837 0.05675877520537715 0.15982076176250934
13 0.04294249439880508 0.9036594473487677 0.05601194921583271 0.17326362957430919
13 0.7740851381628081 0.28230022404779687 0.05601194921583271 0.16654219566840925
13 0.6359223300970874 0.8323375653472741 0.05302464525765497 0.17251680358476476
13 0.7729648991784914 0.8300970873786407 0.05526512322628827 0.16803584764749813
13 0.3177744585511576 0.27744585511575803 0.05675877520537715 0.1755041075429425
13 0.5029873039581777 0.2871545929798357 0.05003734129947722 0.17699775952203137
13 0.635175504107543 0.2867811799850635 0.05227781926811053 0.17475728155339806
13 0.18035847647498132 0.9021657953696789 0.05451829723674384 0.169529499626587
13 0.5018670649738611 0.9051530993278566 0.04854368932038835 0.17027632561613143
13 0.3174010455563854 0.8946975354742345 0.05675877520537715 0.1740104555638536
13 0.17998506348020912 0.4607916355489171 0.05451829723674384 0.16878267363704258
13 0.3162808065720687 0.45967139656460043 0.05601194921583271 0.169529499626587