2 0.6755555555555556 0.1484375 0.4177777777777778 0.134375
2 0.6977777777777778 0.2453125 0.48 0.115625
2 0.6766666666666666 0.346875 0.4777777777777778 0.10625
2 0.26 0.5265625 0.3022222222222222 0.084375
2 0.28888888888888886 0.24375 0.28444444444444444 0.1
2 0.33 0.171875 0.2733333333333333 0.10625
2 0.22777777777777777 0.3296875 0.29555555555555557 0.128125
2 0.24666666666666667 0.390625 0.29333333333333333 0.1125
2 0.24333333333333335 0.4703125 0.2822222222222222 0.071875
2 0.24333333333333335 0.6 0.2911111111111111 0.075
2 0.23333333333333334 0.6609375 0.32 0.078125
2 0.67 0.4265625 0.43777777777777777 0.096875
2 0.68 0.759375 0.4533333333333333 0.0875
2 0.6566666666666666 0.809375 0.45111111111111113 0.1125