5 0.028645833333333332 0.45231481481481484 0.040625 0.09351851851851851
7 0.03828125 0.3962962962962963 0.019270833333333334 0.012037037037037037
7 0.05078125 0.4393518518518518 0.01875 0.011111111111111112
5 0.04921875 0.5564814814814815 0.04375 0.08981481481481482
7 0.05520833333333333 0.487962962962963 0.018229166666666668 0.016666666666666666
5 0.14401041666666667 0.888425925925926 0.04895833333333333 0.08703703703703704
7 0.15 0.8486111111111111 0.016145833333333335 0.01574074074074074
7 0.8325520833333333 0.36435185185185187 0.0171875 0.012962962962962963
7 0.921875 0.3907407407407407 0.021354166666666667 0.013888888888888888
7 0.9236979166666667 0.40555555555555556 0.015104166666666667 0.012962962962962963
7 0.8052083333333333 0.07175925925925926 0.013541666666666667 0.018518518518518517
5 0.009375 0.2125 0.01875 0.125
5 0.80546875 0.17824074074074073 0.08125 0.11296296296296296
5 0.50390625 0.9203703703703704 0.04635416666666667 0.08333333333333333
5 0.47760416666666666 0.9662037037037037 0.05520833333333333 0.06759259259259259
5 0.3580729166666667 0.9300925925925926 0.051041666666666666 0.1
5 0.30390625 0.9662037037037037 0.049479166666666664 0.06759259259259259
5 0.25546875 0.9824074074074074 0.04635416666666667 0.03518518518518519
5 0.20026041666666666 0.9611111111111111 0.057291666666666664 0.07777777777777778
5 0.10286458333333333 0.7870370370370371 0.0453125 0.09537037037037037
5 0.0703125 0.6680555555555555 0.040625 0.10092592592592593
5 0.03125 0.8550925925925926 0.046875 0.1037037037037037
5 0.07109375 0.9546296296296296 0.0546875 0.09074074074074075
6 0.60703125 0.7449074074074075 0.023958333333333335 0.05
6 0.6622395833333333 0.6273148148148148 0.030208333333333334 0.03796296296296296
6 0.7177083333333333 0.5203703703703704 0.020833333333333332 0.049074074074074076