6 0.61171875 0.6560185185185186 0.014583333333333334 0.025925925925925925
7 0.5307291666666667 0.5574074074074075 0.004166666666666667 0.014814814814814815
5 0.4265625 0.7208333333333333 0.04114583333333333 0.05185185185185185
7 0.41171875 0.7046296296296296 0.0078125 0.014814814814814815
5 0.5614583333333333 0.7185185185185186 0.03958333333333333 0.046296296296296294
5 0.5278645833333333 0.687037037037037 0.041666666666666664 0.04814814814814815
5 0.5557291666666667 0.6166666666666667 0.03802083333333333 0.053703703703703705
5 0.853125 0.9768518518518519 0.04583333333333333 0.046296296296296294
5 0.6807291666666667 0.9842592592592593 0.03229166666666667 0.03148148148148148
5 0.6559895833333333 0.961574074074074 0.0390625 0.07685185185185185
5 0.6356770833333333 0.9282407407407407 0.028645833333333332 0.08333333333333333
5 0.6036458333333333 0.8824074074074074 0.04010416666666667 0.07685185185185185
5 0.5205729166666667 0.8143518518518519 0.049479166666666664 0.06018518518518518
5 0.4817708333333333 0.7976851851851852 0.03333333333333333 0.08425925925925926
5 0.45260416666666664 0.7791666666666667 0.040625 0.06574074074074074
5 0.43671875 0.7509259259259259 0.04583333333333333 0.05462962962962963
5 0.4296875 0.5935185185185186 0.0390625 0.04351851851851852
5 0.384375 0.5805555555555556 0.03697916666666667 0.04722222222222222
5 0.3770833333333333 0.6694444444444444 0.0390625 0.041666666666666664
5 0.3380208333333333 0.6587962962962963 0.03802083333333333 0.04537037037037037
5 0.30104166666666665 0.6532407407407408 0.035416666666666666 0.046296296296296294
5 0.26223958333333336 0.6421296296296296 0.035416666666666666 0.03425925925925926
5 0.2171875 0.6375 0.0390625 0.03518518518518519
5 0.17838541666666666 0.6324074074074074 0.0390625 0.03796296296296296
5 0.10182291666666667 0.6319444444444444 0.0421875 0.041666666666666664
5 0.12317708333333334 0.5333333333333333 0.044270833333333336 0.03333333333333333
5 0.065625 0.5296296296296297 0.042708333333333334 0.03611111111111111
5 0.059895833333333336 0.6268518518518519 0.03697916666666667 0.03888888888888889
5 0.01953125 0.6324074074074074 0.0390625 0.05925925925925926
5 0.28958333333333336 0.5365740740740741 0.04375 0.04814814814814815
5 0.3065104166666667 0.5731481481481482 0.03177083333333333 0.03333333333333333
5 0.34453125 0.5777777777777777 0.030208333333333334 0.03148148148148148
5 0.30520833333333336 0.5013888888888889 0.042708333333333334 0.040740740740740744
5 0.3528645833333333 0.4203703703703704 0.03229166666666667 0.03148148148148148
5 0.3653645833333333 0.3958333333333333 0.03697916666666667 0.03796296296296296
5 0.36614583333333334 0.35694444444444445 0.03958333333333333 0.05648148148148148
5 0.3346354166666667 0.36157407407407405 0.023958333333333335 0.05648148148148148
5 0.2640625 0.35555555555555557 0.029166666666666667 0.08981481481481482
5 0.2791666666666667 0.35555555555555557 0.03125 0.1
5 0.2390625 0.36018518518518516 0.030729166666666665 0.09907407407407408
5 0.19973958333333333 0.31296296296296294 0.051041666666666666 0.09907407407407408
5 0.09583333333333334 0.4162037037037037 0.041666666666666664 0.10277777777777777