6 0.5924479166666666 0.5680555555555555 0.0140625 0.024074074074074074
7 0.5151041666666667 0.47175925925925927 0.003125 0.01574074074074074
5 0.425 0.6518518518518519 0.04114583333333333 0.04351851851851852
5 0.41822916666666665 0.6305555555555555 0.035416666666666666 0.04814814814814815
7 0.40963541666666664 0.6083333333333333 0.00625 0.013888888888888888
5 0.5471354166666667 0.625 0.0390625 0.05092592592592592
5 0.5411458333333333 0.5342592592592592 0.033854166666666664 0.05185185185185185
5 0.5111979166666667 0.5912037037037037 0.036458333333333336 0.04722222222222222
5 0.8138020833333334 0.8648148148148148 0.040625 0.06666666666666667
5 0.6731770833333334 0.9078703703703703 0.03854166666666667 0.06851851851851852
5 0.6557291666666667 0.875 0.034895833333333334 0.07592592592592592
5 0.6317708333333333 0.8425925925925926 0.035416666666666666 0.06666666666666667
5 0.61484375 0.812037037037037 0.030208333333333334 0.06759259259259259
5 0.5848958333333333 0.7662037037037037 0.03958333333333333 0.06018518518518518
5 0.5088541666666667 0.7087962962962963 0.03958333333333333 0.03888888888888889
5 0.47109375 0.6953703703703704 0.0375 0.07314814814814814
5 0.4440104166666667 0.6782407407407407 0.03854166666666667 0.06018518518518518
5 0.4231770833333333 0.512962962962963 0.03697916666666667 0.037037037037037035
5 0.38229166666666664 0.5023148148148148 0.03697916666666667 0.03888888888888889
5 0.37161458333333336 0.5833333333333334 0.035416666666666666 0.040740740740740744
5 0.3380208333333333 0.5736111111111111 0.035416666666666666 0.03981481481481482
5 0.33307291666666666 0.30787037037037035 0.017708333333333333 0.05
5 0.35078125 0.36018518518518516 0.030729166666666665 0.02962962962962963
5 0.36223958333333334 0.3398148148148148 0.03177083333333333 0.03333333333333333
5 0.36484375 0.3037037037037037 0.044270833333333336 0.05925925925925926
5 0.2911458333333333 0.46435185185185185 0.0421875 0.04351851851851852
5 0.3098958333333333 0.5 0.03177083333333333 0.026851851851851852
5 0.34296875 0.49675925925925923 0.0265625 0.032407407407407406
5 0.3033854166666667 0.5657407407407408 0.03229166666666667 0.03611111111111111
5 0.26666666666666666 0.5587962962962963 0.0359375 0.03888888888888889
5 0.22369791666666666 0.5537037037037037 0.034895833333333334 0.032407407407407406
5 0.18619791666666666 0.5527777777777778 0.0359375 0.03888888888888889
5 0.13463541666666667 0.4638888888888889 0.0453125 0.03796296296296296
5 0.07916666666666666 0.4675925925925926 0.04114583333333333 0.028703703703703703
5 0.1109375 0.55 0.03697916666666667 0.03888888888888889
5 0.07734375 0.5462962962962963 0.036458333333333336 0.044444444444444446
5 0.026822916666666665 0.5523148148148148 0.051041666666666666 0.05462962962962963
5 0.21276041666666667 0.2708333333333333 0.05364583333333333 0.07592592592592592
5 0.11171875 0.3560185185185185 0.033854166666666664 0.08703703703703704
5 0.24270833333333333 0.3111111111111111 0.03125 0.0824074074074074
5 0.26197916666666665 0.30416666666666664 0.027604166666666666 0.08518518518518518
5 0.2830729166666667 0.30416666666666664 0.03177083333333333 0.08148148148148149
5 0.30703125 0.43796296296296294 0.03854166666666667 0.03796296296296296