7 0.5536458333333333 0.7875 0.00625 0.01574074074074074
6 0.6432291666666666 0.8851851851851852 0.017708333333333333 0.028703703703703703
5 0.428125 0.836574074074074 0.03958333333333333 0.05555555555555555
5 0.57265625 0.8449074074074074 0.0453125 0.04722222222222222
5 0.84453125 0.05092592592592592 0.029166666666666667 0.06759259259259259
5 0.8111979166666666 0.01990740740740741 0.03125 0.03981481481481482
5 0.621875 0.14074074074074075 0.028125 0.03796296296296296
5 0.5895833333333333 0.9634259259259259 0.046875 0.07314814814814814
5 0.5455729166666666 0.9375 0.0515625 0.05555555555555555
5 0.4393229166666667 0.9861111111111112 0.04010416666666667 0.027777777777777776
5 0.3734375 0.950925925925926 0.04375 0.04814814814814815
5 0.32838541666666665 0.9421296296296297 0.0421875 0.05277777777777778
5 0.28151041666666665 0.937962962962963 0.04010416666666667 0.05092592592592592
5 0.2375 0.9337962962962963 0.04583333333333333 0.05648148148148148
5 0.178125 0.9375 0.04583333333333333 0.05277777777777778
5 0.1296875 0.9453703703703704 0.052083333333333336 0.05
5 0.024739583333333332 0.9518518518518518 0.049479166666666664 0.05740740740740741
5 0.053125 0.8092592592592592 0.05625 0.04814814814814815
5 0.28463541666666664 0.836574074074074 0.03958333333333333 0.04537037037037037
5 0.32916666666666666 0.8305555555555556 0.0390625 0.04537037037037037
5 0.3770833333333333 0.825 0.04583333333333333 0.05277777777777778
5 0.2630208333333333 0.7861111111111111 0.049479166666666664 0.04537037037037037
5 0.2791666666666667 0.7444444444444445 0.053125 0.04722222222222222
5 0.33203125 0.6236111111111111 0.0421875 0.05092592592592592
5 0.33984375 0.5921296296296297 0.03333333333333333 0.03981481481481482
5 0.3424479166666667 0.5416666666666666 0.044270833333333336 0.07592592592592592
5 0.303125 0.549074074074074 0.028125 0.07314814814814814
5 0.24088541666666666 0.5541666666666667 0.03697916666666667 0.11851851851851852
5 0.21979166666666666 0.5541666666666667 0.034375 0.12685185185185185
5 0.19270833333333334 0.5592592592592592 0.03697916666666667 0.11203703703703703
5 0.14609375 0.5050925925925925 0.06458333333333334 0.1
5 0.022135416666666668 0.6546296296296297 0.044270833333333336 0.11666666666666667