6 0.5013020833333334 0.6189814814814815 0.027083333333333334 0.08888888888888889
6 0.47291666666666665 0.5925925925925926 0.0265625 0.058333333333333334
6 0.25703125 0.5541666666666667 0.040625 0.06666666666666667
6 0.77890625 0.4101851851851852 0.028125 0.049074074074074076
6 0.8088541666666667 0.40370370370370373 0.0296875 0.026851851851851852
6 0.8375 0.38472222222222224 0.020833333333333332 0.032407407407407406
6 0.8669270833333333 0.3819444444444444 0.027083333333333334 0.02962962962962963
7 0.0640625 0.6240740740740741 0.03177083333333333 0.1287037037037037
7 0.26015625 0.5273148148148148 0.022395833333333334 0.06481481481481481
7 0.5065104166666666 0.5680555555555555 0.025 0.06851851851851852
7 0.49166666666666664 0.5412037037037037 0.016145833333333335 0.04814814814814815
7 0.026822916666666665 0.475 0.015625 0.08611111111111111
7 0.053125 0.48009259259259257 0.0203125 0.08148148148148149
7 0.0734375 0.475 0.017708333333333333 0.06759259259259259
7 0.08880208333333334 0.4699074074074074 0.016666666666666666 0.06944444444444445
7 0.11380208333333333 0.4648148148148148 0.016666666666666666 0.07314814814814814