7 0.12578125 0.5175925925925926 0.022395833333333334 0.018518518518518517
7 0.9369791666666667 0.3476851851851852 0.0265625 0.019444444444444445
5 0.73515625 0.18055555555555555 0.08072916666666667 0.09259259259259259
5 0.81171875 0.18333333333333332 0.05520833333333333 0.06944444444444445
5 0.8713541666666667 0.1837962962962963 0.0546875 0.075
5 0.9317708333333333 0.25092592592592594 0.07083333333333333 0.125
5 0.97890625 0.4083333333333333 0.0421875 0.16203703703703703
5 0.5635416666666667 0.0837962962962963 0.06197916666666667 0.1111111111111111
5 0.6083333333333333 0.05277777777777778 0.05572916666666667 0.10555555555555556
5 0.6393229166666666 0.022685185185185187 0.04583333333333333 0.04537037037037037
6 0.39869791666666665 0.21898148148148147 0.022395833333333334 0.06018518518518518
6 0.3151041666666667 0.31851851851851853 0.0390625 0.05092592592592592
6 0.23020833333333332 0.4097222222222222 0.023958333333333335 0.062037037037037036
5 0.054947916666666666 0.7513888888888889 0.08854166666666667 0.15185185185185185