6 0.49557291666666664 0.5856481481481481 0.021354166666666667 0.06666666666666667
6 0.30572916666666666 0.5263888888888889 0.0296875 0.06018518518518518
6 0.7291666666666666 0.39861111111111114 0.030729166666666665 0.037037037037037035
6 0.7486979166666666 0.3912037037037037 0.021875 0.05277777777777778
6 0.76875 0.3921296296296296 0.0203125 0.032407407407407406
6 0.79765625 0.36944444444444446 0.022395833333333334 0.026851851851851852
6 0.8299479166666667 0.3592592592592593 0.028125 0.03611111111111111
6 0.8505208333333333 0.3578703703703704 0.021354166666666667 0.02962962962962963
7 0.12552083333333333 0.43194444444444446 0.013541666666666667 0.04814814814814815
7 0.1609375 0.5111111111111111 0.019270833333333334 0.06944444444444445
7 0.18255208333333334 0.5087962962962963 0.020833333333333332 0.08055555555555556
7 0.20130208333333333 0.49953703703703706 0.015104166666666667 0.06944444444444445
7 0.21953125 0.4912037037037037 0.01875 0.06851851851851852
7 0.17708333333333334 0.5902777777777778 0.025 0.09814814814814815
7 0.3072916666666667 0.5101851851851852 0.018229166666666668 0.041666666666666664
7 0.4947916666666667 0.5481481481481482 0.018229166666666668 0.05462962962962963