6 0.019270833333333334 0.7189814814814814 0.03854166666666667 0.05555555555555555
6 0.3028645833333333 0.5277777777777778 0.030208333333333334 0.049074074074074076
6 0.49921875 0.5884259259259259 0.027604166666666666 0.07222222222222222
6 0.7330729166666666 0.39814814814814814 0.03177083333333333 0.032407407407407406
6 0.7544270833333333 0.38796296296296295 0.020833333333333332 0.05277777777777778
6 0.7755208333333333 0.3902777777777778 0.025 0.03611111111111111
6 0.8286458333333333 0.36435185185185187 0.06354166666666666 0.046296296296296294
7 0.103125 0.44583333333333336 0.018229166666666668 0.058333333333333334
7 0.14140625 0.4875 0.021875 0.0787037037037037
7 0.165625 0.4861111111111111 0.018229166666666668 0.075
7 0.17734375 0.4736111111111111 0.016666666666666666 0.07962962962962963
7 0.19635416666666666 0.4726851851851852 0.013020833333333334 0.06666666666666667
7 0.30546875 0.5009259259259259 0.01875 0.030555555555555555
7 0.5026041666666666 0.5481481481481482 0.019270833333333334 0.05462962962962963
7 0.17578125 0.5921296296296297 0.026041666666666668 0.09444444444444444
7 0.010677083333333334 0.6953703703703704 0.021354166666666667 0.10462962962962963