7 0.8893229166666666 0.5722222222222222 0.019270833333333334 0.013888888888888888
7 0.04583333333333333 0.03518518518518519 0.022395833333333334 0.025925925925925925
7 0.03828125 0.04583333333333333 0.019270833333333334 0.022222222222222223
5 0.7375 0.28194444444444444 0.06354166666666666 0.053703703703703705
5 0.7981770833333334 0.31666666666666665 0.057291666666666664 0.06481481481481481
5 0.8497395833333333 0.35324074074074074 0.0453125 0.07592592592592592
5 0.8880208333333334 0.4361111111111111 0.05260416666666667 0.11203703703703703
5 0.91015625 0.5800925925925926 0.03177083333333333 0.12222222222222222
5 0.9119791666666667 0.7152777777777778 0.043229166666666666 0.11296296296296296
5 0.90703125 0.8546296296296296 0.03802083333333333 0.10833333333333334
5 0.89453125 0.9546296296296296 0.0453125 0.09074074074074075
5 0.9815104166666667 0.48518518518518516 0.03697916666666667 0.1259259259259259
5 0.9893229166666667 0.5990740740740741 0.021354166666666667 0.09814814814814815
5 0.9841145833333333 0.9092592592592592 0.03177083333333333 0.1361111111111111
5 0.6104166666666667 0.11898148148148148 0.034375 0.10648148148148148
5 0.6510416666666666 0.10324074074074074 0.03958333333333333 0.10648148148148148
5 0.68125 0.07453703703703704 0.03958333333333333 0.08611111111111111
5 0.7065104166666667 0.04953703703703704 0.033854166666666664 0.08611111111111111
5 0.7346354166666667 0.037037037037037035 0.0359375 0.07407407407407407
5 0.7700520833333333 0.040740740740740744 0.050520833333333334 0.08148148148148149
5 0.8033854166666666 0.016203703703703703 0.033854166666666664 0.032407407407407406
5 0.99375 0.7421296296296296 0.0125 0.11481481481481481
6 0.45208333333333334 0.14722222222222223 0.021354166666666667 0.062037037037037036
6 0.3671875 0.1884259259259259 0.03333333333333333 0.041666666666666664
6 0.2828125 0.21064814814814814 0.018229166666666668 0.046296296296296294