7 0.53662109375 0.7564102564102564 0.0244140625 0.035897435897435895
7 0.59033203125 0.7831501831501831 0.01953125 0.03956043956043956
5 0.8056640625 0.8135531135531135 0.08203125 0.1575091575091575
7 0.270751953125 0.8483516483516483 0.03857421875 0.04395604395604396
7 0.6083984375 0.9032967032967033 0.0263671875 0.04981684981684982
7 0.908447265625 0.9432234432234432 0.04443359375 0.06227106227106227
6 0.156494140625 0.9567765567765568 0.07080078125 0.07912087912087912
6 0.142578125 0.989010989010989 0.0419921875 0.02197802197802198
6 0.794677734375 0.12490842490842491 0.06689453125 0.06813186813186813
6 0.797119140625 0.015384615384615385 0.04736328125 0.03076923076923077
7 0.915771484375 0.16446886446886447 0.03857421875 0.04908424908424908
7 0.07421875 0.16923076923076924 0.0478515625 0.04542124542124542
6 0.79736328125 0.18681318681318682 0.0634765625 0.09084249084249084
7 0.557861328125 0.19230769230769232 0.02685546875 0.047619047619047616
7 0.857421875 0.2293040293040293 0.041015625 0.03956043956043956
7 0.875244140625 0.247985347985348 0.04052734375 0.040293040293040296
7 0.50146484375 0.24871794871794872 0.0244140625 0.040293040293040296
7 0.141845703125 0.252014652014652 0.03759765625 0.04395604395604396
7 0.926025390625 0.25677655677655675 0.03564453125 0.04322344322344322
7 0.647216796875 0.26373626373626374 0.03759765625 0.03663003663003663
7 0.41357421875 0.26483516483516484 0.03125 0.034432234432234435
7 0.881103515625 0.2868131868131868 0.03759765625 0.04468864468864469
7 0.437744140625 0.2868131868131868 0.03564453125 0.034432234432234435
7 0.47412109375 0.3054945054945055 0.02734375 0.04395604395604396
7 0.89599609375 0.33663003663003666 0.02734375 0.03736263736263736
7 0.42822265625 0.3384615384615385 0.0341796875 0.03663003663003663
7 0.216796875 0.3391941391941392 0.03125 0.03663003663003663
7 0.8662109375 0.3395604395604396 0.0419921875 0.03296703296703297
7 0.094970703125 0.3443223443223443 0.03564453125 0.0380952380952381
7 0.62353515625 0.34725274725274724 0.0234375 0.03223443223443224
7 0.564208984375 0.3505494505494505 0.03076171875 0.03296703296703297
7 0.926513671875 0.3553113553113553 0.03857421875 0.03956043956043956
7 0.10986328125 0.37875457875457874 0.0166015625 0.020512820512820513
7 0.624755859375 0.37948717948717947 0.03857421875 0.041025641025641026
7 0.251953125 0.3802197802197802 0.0361328125 0.03663003663003663
7 0.8232421875 0.38095238095238093 0.029296875 0.029304029304029304
7 0.924072265625 0.3831501831501832 0.04345703125 0.02783882783882784
7 0.049072265625 0.3860805860805861 0.05126953125 0.03956043956043956
7 0.646240234375 0.41245421245421243 0.03466796875 0.0336996336996337
7 0.524169921875 0.4153846153846154 0.01513671875 0.02490842490842491
7 0.447265625 0.41684981684981687 0.0322265625 0.04249084249084249
7 0.497314453125 0.4216117216117216 0.02880859375 0.03296703296703297
7 0.82275390625 0.42857142857142855 0.037109375 0.02783882783882784
7 0.9443359375 0.4293040293040293 0.0234375 0.02783882783882784
7 0.34033203125 0.43443223443223444 0.033203125 0.03663003663003663
7 0.914306640625 0.4347985347985348 0.03955078125 0.04322344322344322
7 0.596435546875 0.4380952380952381 0.03369140625 0.03076923076923077
7 0.86279296875 0.4461538461538462 0.033203125 0.029304029304029304
7 0.166748046875 0.44652014652014654 0.03662109375 0.03296703296703297
7 0.9619140625 0.44981684981684983 0.046875 0.029304029304029304
7 0.239013671875 0.46373626373626375 0.03857421875 0.03223443223443224
7 0.708984375 0.4644688644688645 0.0361328125 0.0336996336996337
7 0.60205078125 0.46593406593406594 0.0283203125 0.03076923076923077
7 0.37060546875 0.4695970695970696 0.029296875 0.02783882783882784
7 0.16845703125 0.4794871794871795 0.0400390625 0.03736263736263736
7 0.8779296875 0.4838827838827839 0.0341796875 0.03296703296703297
7 0.95556640625 0.4846153846153846 0.0400390625 0.030036630036630037
7 0.734375 0.4967032967032967 0.03125 0.029304029304029304
7 0.9033203125 0.5032967032967033 0.037109375 0.0336996336996337
7 0.70654296875 0.5047619047619047 0.03125 0.04249084249084249
7 0.5810546875 0.5073260073260073 0.029296875 0.035897435897435895
7 0.968994140625 0.5091575091575091 0.02490234375 0.02490842490842491
7 0.83203125 0.5102564102564102 0.0361328125 0.030036630036630037
7 0.631103515625 0.5128205128205128 0.02294921875 0.0380952380952381
7 0.111328125 0.5146520146520146 0.037109375 0.035897435897435895
7 0.302001953125 0.5172161172161173 0.03173828125 0.029304029304029304
7 0.943603515625 0.5241758241758242 0.04345703125 0.0315018315018315
7 0.676025390625 0.526007326007326 0.02490234375 0.02490842490842491
7 0.34130859375 0.5285714285714286 0.029296875 0.035897435897435895
7 0.72998046875 0.5358974358974359 0.0361328125 0.02857142857142857
7 0.9013671875 0.536996336996337 0.0380859375 0.035164835164835165
7 0.98388671875 0.5395604395604395 0.0322265625 0.030036630036630037
7 0.615966796875 0.552014652014652 0.03173828125 0.034432234432234435
7 0.6796875 0.5534798534798535 0.0244140625 0.03296703296703297
7 0.571044921875 0.5567765567765568 0.02294921875 0.0336996336996337
7 0.64306640625 0.5648351648351648 0.03125 0.03076923076923077
7 0.7275390625 0.5688644688644688 0.0341796875 0.03736263736263736
6 0.794677734375 0.05714285714285714 0.06298828125 0.07912087912087912
7 0.4169921875 0.5714285714285714 0.0302734375 0.0380952380952381
7 0.151611328125 0.5798534798534799 0.04345703125 0.035897435897435895
7 0.90185546875 0.5824175824175825 0.0390625 0.035164835164835165
7 0.699462890625 0.5842490842490843 0.02587890625 0.035897435897435895
7 0.98974609375 0.5864468864468865 0.0205078125 0.034432234432234435
7 0.931396484375 0.5879120879120879 0.04150390625 0.035897435897435895
7 0.96923828125 0.5886446886446887 0.037109375 0.0315018315018315
7 0.662841796875 0.5908424908424909 0.02294921875 0.027106227106227107
7 0.744140625 0.6003663003663003 0.029296875 0.0315018315018315
7 0.179931640625 0.6018315018315018 0.03271484375 0.03736263736263736
7 0.4501953125 0.6095238095238096 0.03125 0.03663003663003663
7 0.909912109375 0.6117216117216118 0.03759765625 0.03663003663003663
7 0.666748046875 0.6131868131868132 0.02880859375 0.0336996336996337
7 0.5615234375 0.6153846153846154 0.021484375 0.04249084249084249
7 0.87353515625 0.6208791208791209 0.033203125 0.02857142857142857
7 0.938720703125 0.6289377289377289 0.03369140625 0.03736263736263736
7 0.189208984375 0.6289377289377289 0.03271484375 0.035897435897435895
7 0.662109375 0.6384615384615384 0.0283203125 0.030036630036630037
7 0.44580078125 0.6413919413919414 0.03125 0.0315018315018315
7 0.544921875 0.6457875457875458 0.0263671875 0.034432234432234435
7 0.91162109375 0.6472527472527473 0.0380859375 0.03736263736263736
7 0.86669921875 0.6501831501831502 0.0400390625 0.0315018315018315
7 0.786865234375 0.6523809523809524 0.03173828125 0.034432234432234435
7 0.010498046875 0.6681318681318681 0.02099609375 0.014652014652014652
7 0.438232421875 0.673992673992674 0.02978515625 0.03956043956043956
7 0.656982421875 0.6765567765567766 0.03271484375 0.03296703296703297
7 0.91015625 0.689010989010989 0.037109375 0.03882783882783883
7 0.18505859375 0.697069597069597 0.033203125 0.03296703296703297
7 0.1259765625 0.7073260073260074 0.0380859375 0.03296703296703297
7 0.304443359375 0.7186813186813187 0.02685546875 0.03663003663003663