6 0.4035947712418301 0.5024509803921569 0.07516339869281045 0.22794117647058823
6 0.5604575163398693 0.18137254901960784 0.10294117647058823 0.26715686274509803
6 0.7189542483660131 0.29411764705882354 0.08660130718954248 0.24754901960784315
6 0.951797385620915 0.1642156862745098 0.06535947712418301 0.23039215686274508
6 0.7622549019607843 0.5686274509803921 0.11437908496732026 0.2769607843137255
6 0.6576797385620915 0.6176470588235294 0.07516339869281045 0.3112745098039216
6 0.49754901960784315 0.6825980392156863 0.08333333333333333 0.2867647058823529
6 0.13562091503267973 0.7720588235294118 0.13398692810457516 0.23039215686274508
6 0.07679738562091504 0.5294117647058824 0.09313725490196079 0.21323529411764705
6 0.22140522875816993 0.24509803921568626 0.09477124183006536 0.27205882352941174
6 0.04411764705882353 0.14338235294117646 0.08823529411764706 0.2867647058823529
6 0.8790849673202614 0.4852941176470588 0.0784313725490196 0.25735294117647056
6 0.8733660130718954 0.8921568627450981 0.08006535947712418 0.21568627450980393