6 0.6331699346405228 0.3014705882352941 0.08169934640522876 0.08823529411764706
6 0.7124183006535948 0.41299019607843135 0.09477124183006536 0.0857843137254902
6 0.6625816993464052 0.7904411764705882 0.07679738562091504 0.06372549019607843
6 0.6568627450980392 0.5943627450980392 0.07516339869281045 0.07107843137254902
6 0.5612745098039216 0.8100490196078431 0.058823529411764705 0.05392156862745098
6 0.47794117647058826 0.8161764705882353 0.07352941176470588 0.051470588235294115
6 0.41013071895424835 0.8848039215686274 0.09803921568627451 0.07598039215686274
6 0.5702614379084967 0.9350490196078431 0.08169934640522876 0.07107843137254902
6 0.809640522875817 0.9375 0.07679738562091504 0.05392156862745098
6 0.6568627450980392 0.9019607843137255 0.0718954248366013 0.06862745098039216
6 0.7107843137254902 0.8406862745098039 0.06209150326797386 0.05392156862745098
6 0.7679738562091504 0.7990196078431373 0.0457516339869281 0.056372549019607844
6 0.8545751633986928 0.8112745098039216 0.08823529411764706 0.058823529411764705
6 0.8333333333333334 0.8933823529411765 0.05228758169934641 0.03676470588235294
6 0.9501633986928104 0.8774509803921569 0.08006535947712418 0.049019607843137254
6 0.9550653594771242 0.8051470588235294 0.06699346405228758 0.06862745098039216
6 0.9387254901960784 0.7291666666666666 0.07516339869281045 0.06372549019607843
6 0.9330065359477124 0.5894607843137255 0.06862745098039216 0.04411764705882353
6 0.9681372549019608 0.6580882352941176 0.06372549019607843 0.07352941176470588
6 0.8464052287581699 0.6004901960784313 0.05392156862745098 0.05392156862745098
6 0.7753267973856209 0.5857843137254902 0.08660130718954248 0.05392156862745098
6 0.6348039215686274 0.42769607843137253 0.08006535947712418 0.0661764705882353
6 0.6274509803921569 0.3627450980392157 0.08496732026143791 0.06372549019607843
6 0.5465686274509803 0.39338235294117646 0.07026143790849673 0.058823529411764705
6 0.3929738562091503 0.40441176470588236 0.08006535947712418 0.05392156862745098
6 0.1772875816993464 0.7671568627450981 0.08496732026143791 0.07352941176470588
6 0.09640522875816994 0.41544117647058826 0.07679738562091504 0.03676470588235294