6 0.5620915032679739 0.5032679738562091 0.24509803921568626 0.1830065359477124
6 0.8276143790849673 0.6535947712418301 0.2238562091503268 0.1655773420479303
6 0.7965686274509803 0.7995642701525054 0.2369281045751634 0.1568627450980392
6 0.4812091503267974 0.6383442265795207 0.1977124183006536 0.13725490196078433
6 0.4599673202614379 0.8028322440087146 0.2238562091503268 0.1503267973856209
6 0.3831699346405229 0.9411764705882353 0.16666666666666666 0.11546840958605664
6 0.7393790849673203 0.9411764705882353 0.2222222222222222 0.11764705882352941
6 0.8619281045751634 0.4793028322440087 0.26143790849673204 0.20915032679738563
6 0.5825163398692811 0.33769063180827885 0.2238562091503268 0.17429193899782136
6 0.3480392156862745 0.19934640522875818 0.184640522875817 0.15250544662309368
6 0.2867647058823529 0.3442265795206972 0.1895424836601307 0.11328976034858387
6 0.2361111111111111 0.49019607843137253 0.2173202614379085 0.11328976034858387
6 0.19362745098039216 0.6437908496732027 0.21895424836601307 0.13071895424836602
6 0.12173202614379085 0.8028322440087146 0.20098039215686275 0.12854030501089325
6 0.0988562091503268 0.07734204793028322 0.1977124183006536 0.15468409586056645
6 0.06699346405228758 0.22875816993464052 0.13398692810457516 0.1394335511982571
6 0.04411764705882353 0.39324618736383443 0.08823529411764706 0.1111111111111111
6 0.014705882352941176 0.5544662309368191 0.029411764705882353 0.08714596949891068