6 0.3488562091503268 0.3002450980392157 0.13398692810457516 0.1323529411764706
6 0.6674836601307189 0.1801470588235294 0.10620915032679738 0.125
6 0.8137254901960784 0.11519607843137254 0.10947712418300654 0.11274509803921569
6 0.8088235294117647 0.3394607843137255 0.11764705882352941 0.11519607843137254
6 0.9060457516339869 0.4742647058823529 0.12908496732026145 0.13725490196078433
6 0.6535947712418301 0.5747549019607843 0.13562091503267973 0.12009803921568628
6 0.7434640522875817 0.8370098039215687 0.15849673202614378 0.12745098039215685
6 0.5261437908496732 0.8872549019607843 0.1715686274509804 0.11274509803921569
6 0.4959150326797386 0.4963235294117647 0.13071895424836602 0.16176470588235295
6 0.18137254901960784 0.5183823529411765 0.14869281045751634 0.14215686274509803
6 0.12745098039215685 0.8406862745098039 0.15196078431372548 0.1323529411764706