7 0.5364583333333334 0.75625 0.023958333333333335 0.036458333333333336
7 0.5901041666666667 0.7833333333333333 0.019791666666666666 0.03958333333333333
5 0.8057291666666667 0.8135416666666667 0.08229166666666667 0.15729166666666666
7 0.2708333333333333 0.8484375 0.03854166666666667 0.04375
7 0.6083333333333333 0.903125 0.027083333333333334 0.05
7 0.9083333333333333 0.9432291666666667 0.04479166666666667 0.0625
6 0.15625 0.9567708333333333 0.07083333333333333 0.07916666666666666
6 0.14270833333333333 0.9890625 0.042708333333333334 0.021875
6 0.7947916666666667 0.125 0.06666666666666667 0.06875
6 0.796875 0.015625 0.04791666666666667 0.03125
7 0.915625 0.16458333333333333 0.03854166666666667 0.04895833333333333
7 0.07395833333333333 0.16927083333333334 0.04791666666666667 0.04479166666666667
6 0.7973958333333333 0.18697916666666667 0.06354166666666666 0.090625
7 0.5578125 0.1921875 0.027083333333333334 0.046875
7 0.8572916666666667 0.22916666666666666 0.041666666666666664 0.03958333333333333
7 0.875 0.24791666666666667 0.040625 0.040625
7 0.5015625 0.24895833333333334 0.025 0.040625
7 0.14166666666666666 0.2520833333333333 0.0375 0.04375
7 0.9260416666666667 0.25677083333333334 0.035416666666666666 0.04375
7 0.6473958333333333 0.2635416666666667 0.0375 0.036458333333333336
7 0.41354166666666664 0.26458333333333334 0.03125 0.034375
7 0.88125 0.2869791666666667 0.0375 0.04479166666666667
7 0.4375 0.2869791666666667 0.035416666666666666 0.034375
7 0.4739583333333333 0.30572916666666666 0.027083333333333334 0.04375
7 0.8958333333333334 0.33645833333333336 0.027083333333333334 0.0375
7 0.428125 0.3385416666666667 0.034375 0.036458333333333336
7 0.21666666666666667 0.3390625 0.03125 0.036458333333333336
7 0.8661458333333333 0.33958333333333335 0.042708333333333334 0.03333333333333333
7 0.09479166666666666 0.34427083333333336 0.035416666666666666 0.0375
7 0.6234375 0.34739583333333335 0.023958333333333335 0.03229166666666667
7 0.5640625 0.35052083333333334 0.03125 0.03333333333333333
7 0.9265625 0.35520833333333335 0.03854166666666667 0.03958333333333333
7 0.10989583333333333 0.37864583333333335 0.016666666666666666 0.019791666666666666
7 0.625 0.3796875 0.03854166666666667 0.041666666666666664
7 0.2520833333333333 0.3802083333333333 0.036458333333333336 0.036458333333333336
7 0.8234375 0.3807291666666667 0.029166666666666667 0.029166666666666667
7 0.9239583333333333 0.38333333333333336 0.04375 0.027083333333333334
7 0.04895833333333333 0.3859375 0.051041666666666666 0.03958333333333333
7 0.6463541666666667 0.4125 0.035416666666666666 0.03333333333333333
7 0.5239583333333333 0.415625 0.015625 0.025
7 0.4473958333333333 0.4166666666666667 0.03229166666666667 0.042708333333333334
7 0.4973958333333333 0.42135416666666664 0.029166666666666667 0.03333333333333333
7 0.8229166666666666 0.42864583333333334 0.036458333333333336 0.028125
7 0.9442708333333333 0.42916666666666664 0.023958333333333335 0.027083333333333334
7 0.34010416666666665 0.434375 0.03333333333333333 0.036458333333333336
7 0.9140625 0.4348958333333333 0.03958333333333333 0.04375
7 0.5963541666666666 0.43802083333333336 0.034375 0.03125
7 0.8630208333333333 0.44635416666666666 0.03333333333333333 0.029166666666666667
7 0.16666666666666666 0.44635416666666666 0.036458333333333336 0.03333333333333333
7 0.9619791666666667 0.45 0.046875 0.029166666666666667
7 0.2390625 0.4635416666666667 0.03854166666666667 0.03229166666666667
7 0.7088541666666667 0.46458333333333335 0.036458333333333336 0.03333333333333333
7 0.6020833333333333 0.4661458333333333 0.028125 0.03125
7 0.37083333333333335 0.46979166666666666 0.029166666666666667 0.028125
7 0.16822916666666668 0.4796875 0.040625 0.0375
7 0.878125 0.48385416666666664 0.034375 0.03333333333333333
7 0.9557291666666666 0.484375 0.03958333333333333 0.030208333333333334
7 0.734375 0.496875 0.03125 0.029166666666666667
7 0.903125 0.503125 0.036458333333333336 0.034375
7 0.7067708333333333 0.5046875 0.03125 0.042708333333333334
7 0.58125 0.5072916666666667 0.029166666666666667 0.035416666666666666
7 0.96875 0.509375 0.025 0.025
7 0.8322916666666667 0.5104166666666666 0.036458333333333336 0.030208333333333334
7 0.63125 0.5130208333333334 0.022916666666666665 0.03854166666666667
7 0.11145833333333334 0.5145833333333333 0.0375 0.035416666666666666
7 0.3020833333333333 0.5171875 0.03125 0.029166666666666667
7 0.94375 0.5239583333333333 0.04375 0.03125
7 0.6760416666666667 0.5260416666666666 0.025 0.025
7 0.3411458333333333 0.5286458333333334 0.029166666666666667 0.035416666666666666
7 0.7302083333333333 0.5359375 0.036458333333333336 0.028125
7 0.9015625 0.5369791666666667 0.03854166666666667 0.035416666666666666
7 0.9838541666666667 0.5395833333333333 0.03229166666666667 0.030208333333333334
7 0.6161458333333333 0.5520833333333334 0.03125 0.034375
7 0.6796875 0.5536458333333333 0.025 0.03229166666666667
7 0.5708333333333333 0.5567708333333333 0.022916666666666665 0.034375
7 0.6432291666666666 0.5645833333333333 0.03125 0.03125
7 0.7276041666666667 0.56875 0.034375 0.0375
6 0.7947916666666667 0.057291666666666664 0.06354166666666666 0.07916666666666666
7 0.4171875 0.5713541666666667 0.030208333333333334 0.03854166666666667
7 0.1515625 0.5796875 0.042708333333333334 0.036458333333333336
7 0.9020833333333333 0.5822916666666667 0.03958333333333333 0.035416666666666666
7 0.6994791666666667 0.584375 0.026041666666666668 0.036458333333333336
7 0.9895833333333334 0.5864583333333333 0.020833333333333332 0.034375
7 0.93125 0.5880208333333333 0.041666666666666664 0.036458333333333336
7 0.9692708333333333 0.5885416666666666 0.036458333333333336 0.03125
7 0.6630208333333333 0.590625 0.022916666666666665 0.027083333333333334
7 0.7442708333333333 0.6005208333333333 0.029166666666666667 0.03125
7 0.1796875 0.6020833333333333 0.03333333333333333 0.0375
7 0.45 0.609375 0.03125 0.036458333333333336
7 0.9098958333333333 0.6119791666666666 0.0375 0.036458333333333336
7 0.6666666666666666 0.6130208333333333 0.028125 0.034375
7 0.5614583333333333 0.615625 0.020833333333333332 0.042708333333333334
7 0.8734375 0.6208333333333333 0.03333333333333333 0.029166666666666667
7 0.9385416666666667 0.6291666666666667 0.034375 0.0375
7 0.1890625 0.6291666666666667 0.03333333333333333 0.036458333333333336
7 0.6619791666666667 0.6385416666666667 0.028125 0.030208333333333334
7 0.44583333333333336 0.6411458333333333 0.03125 0.03125
7 0.5447916666666667 0.6458333333333334 0.027083333333333334 0.034375
7 0.9114583333333334 0.6473958333333333 0.03854166666666667 0.0375
7 0.8666666666666667 0.65 0.040625 0.03125
7 0.7869791666666667 0.6526041666666667 0.03229166666666667 0.034375
7 0.010416666666666666 0.6682291666666667 0.020833333333333332 0.014583333333333334
7 0.43802083333333336 0.6739583333333333 0.029166666666666667 0.03958333333333333
7 0.6567708333333333 0.6765625 0.03229166666666667 0.03229166666666667
7 0.9104166666666667 0.6890625 0.036458333333333336 0.03958333333333333
7 0.18489583333333334 0.696875 0.03333333333333333 0.03229166666666667
7 0.12604166666666666 0.7072916666666667 0.03854166666666667 0.03333333333333333
7 0.3046875 0.71875 0.027083333333333334 0.036458333333333336