6 0.35294117647058826 0.2508169934640523 0.07625272331154684 0.04411764705882353
6 0.3681917211328976 0.29983660130718953 0.10675381263616558 0.03594771241830065
6 0.41721132897603486 0.34477124183006536 0.10457516339869281 0.0392156862745098
6 0.25925925925925924 0.3480392156862745 0.07625272331154684 0.03431372549019608
6 0.3954248366013072 0.40032679738562094 0.09803921568627451 0.04738562091503268
6 0.3115468409586057 0.4387254901960784 0.10021786492374728 0.03758169934640523
6 0.4128540305010893 0.4665032679738562 0.08932461873638345 0.049019607843137254
6 0.35294117647058826 0.5122549019607843 0.09586056644880174 0.04411764705882353
6 0.4357298474945534 0.5441176470588235 0.11546840958605664 0.03431372549019608
6 0.42701525054466233 0.5857843137254902 0.12854030501089325 0.03431372549019608
6 0.3747276688453159 0.6470588235294118 0.13507625272331156 0.04084967320261438
6 0.4357298474945534 0.7148692810457516 0.15468409586056645 0.049019607843137254
6 0.39760348583877997 0.7687908496732027 0.12854030501089325 0.03758169934640523
6 0.210239651416122 0.7099673202614379 0.10021786492374728 0.032679738562091505
6 0.20261437908496732 0.744281045751634 0.0457516339869281 0.0392156862745098
6 0.06535947712418301 0.7712418300653595 0.08061002178649238 0.03758169934640523