0 0.12890625 0.35499316005471954 0.1453125 0.09712722298221614
0 0.875 0.3447332421340629 0.14375 0.1039671682626539
0 0.3078125 0.7578659370725034 0.153125 0.11764705882352941
0 0.31015625 0.5950752393980848 0.1453125 0.106703146374829
0 0.50078125 0.7435020519835841 0.1328125 0.08618331053351573
0 0.16484375 0.6559507523939808 0.1203125 0.08344733242134063
0 0.7125 0.7332421340629275 0.140625 0.1039671682626539
0 0.49375 0.4363885088919289 0.11875 0.1121751025991792
0 0.82109375 0.5006839945280438 0.0671875 0.08755129958960328
0 0.271875 0.45075239398084815 0.1296875 0.12995896032831739
0 0.78671875 0.23187414500683995 0.1484375 0.1491108071135431
0 0.90234375 0.5766073871409029 0.0703125 0.08891928864569083
0 0.63046875 0.3180574555403557 0.1578125 0.1326949384404925
0 0.5015625 0.5909712722298222 0.18125 0.15595075239398085
0 0.190625 0.5259917920656635 0.1140625 0.07660738714090287
0 0.8984375 0.45896032831737343 0.06875 0.07797537619699042
0 0.64765625 0.1491108071135431 0.1203125 0.14774281805745554
0 0.48828125 0.1908344733242134 0.1609375 0.1436388508891929
0 0.690625 0.5889192886456909 0.10625 0.1354309165526676
0 0.3390625 0.32694938440492477 0.16875 0.1012311901504788
0 0.3578125 0.13406292749658003 0.128125 0.13953488372093023
0 0.23046875 0.2161422708618331 0.1640625 0.16689466484268126
0 0.740625 0.420656634746922 0.08125 0.1381668946648427
0 0.49921875 0.8980848153214774 0.0609375 0.10533515731874145