14 0.4527272727272727 0.5546448087431693 0.07636363636363637 0.03825136612021858
14 0.07454545454545454 0.10382513661202186 0.14909090909090908 0.14207650273224043
14 0.26545454545454544 0.12021857923497267 0.13818181818181818 0.13114754098360656
14 0.7672727272727272 0.17486338797814208 0.12363636363636364 0.13114754098360656
14 0.14909090909090908 0.21584699453551912 0.12363636363636364 0.11475409836065574
14 0.29818181818181816 0.22131147540983606 0.13090909090909092 0.10382513661202186
14 0.46 0.22404371584699453 0.12727272727272726 0.12021857923497267
14 0.8527272727272728 0.030054644808743168 0.1781818181818182 0.04918032786885246
14 0.7036363636363636 0.2896174863387978 0.11272727272727273 0.07650273224043716
14 0.08545454545454545 0.30327868852459017 0.10545454545454545 0.08196721311475409
14 0.5818181818181818 0.31420765027322406 0.10181818181818182 0.07103825136612021
14 0.4509090909090909 0.31693989071038253 0.10181818181818182 0.0546448087431694
14 0.2018181818181818 0.31693989071038253 0.11272727272727273 0.07650273224043716
14 0.32727272727272727 0.3224043715846995 0.09454545454545454 0.06557377049180328
14 0.5727272727272728 0.36885245901639346 0.09818181818181818 0.060109289617486336
14 0.2309090909090909 0.36885245901639346 0.09818181818181818 0.08196721311475409
14 0.4509090909090909 0.3743169398907104 0.09454545454545454 0.060109289617486336
14 0.3418181818181818 0.3797814207650273 0.08727272727272728 0.07103825136612021
14 0.6327272727272727 0.040983606557377046 0.1890909090909091 0.08196721311475409
14 0.4109090909090909 0.04371584699453552 0.20363636363636364 0.08743169398907104
14 0.27090909090909093 0.44808743169398907 0.07636363636363637 0.0546448087431694
14 0.4636363636363636 0.453551912568306 0.08363636363636363 0.06557377049180328
14 0.1890909090909091 0.04918032786885246 0.1890909090909091 0.08743169398907104
14 0.44 0.4918032786885246 0.06545454545454546 0.04371584699453552
14 0.35454545454545455 0.4918032786885246 0.07636363636363637 0.0546448087431694