7 0.09940732758620689 0.391875 0.16217672413793102 0.6204166666666666
7 0.2447467672413793 0.3875 0.10479525862068965 0.40166666666666667
7 0.3364762931034483 0.3935416666666667 0.08728448275862069 0.32208333333333333
7 0.41769935344827586 0.393125 0.07354525862068965 0.2554166666666667
7 0.47844827586206895 0.393125 0.05818965517241379 0.21958333333333332
7 0.5417564655172413 0.39145833333333335 0.047952586206896554 0.20291666666666666
7 0.5977909482758621 0.3908333333333333 0.040948275862068964 0.18583333333333332
7 0.6608297413793104 0.393125 0.041487068965517244 0.17708333333333334
7 0.7222521551724138 0.39145833333333335 0.043642241379310345 0.17125
7 0.7893318965517241 0.3925 0.04956896551724138 0.16916666666666666
7 0.8588362068965517 0.38625 0.05172413793103448 0.17916666666666667
7 0.9560883620689655 0.389375 0.07704741379310345 0.19375