7 0.08452535760728218 0.5075231481481481 0.07672301690507152 0.5474537037037037
7 0.12743823146944083 0.5295138888888888 0.036410923276983094 0.21412037037037038
7 0.014629388816644993 0.44155092592592593 0.029258777633289986 0.20717592592592593
7 0.1654746423927178 0.45023148148148145 0.03966189856957087 0.18055555555555555
7 0.20741222366710013 0.35127314814814814 0.05201560468140442 0.2743055555555556
7 0.2454486345903771 0.49189814814814814 0.12158647594278284 0.6087962962962963
7 0.29876462938881665 0.5202546296296297 0.16189856957087126 0.8692129629629629
7 0.38459037711313393 0.5098379629629629 0.03706111833550065 0.2881944444444444
7 0.4171001300390117 0.5023148148148148 0.03966189856957087 0.29398148148148145
7 0.4544863459037711 0.5543981481481481 0.10273081924577374 0.4398148148148148
7 0.5347854356306893 0.5943287037037037 0.03966189856957087 0.21412037037037038
7 0.5734720416124838 0.4791666666666667 0.04291287386215865 0.2638888888888889
7 0.6258127438231469 0.4837962962962963 0.04226267880364109 0.27546296296296297
7 0.6625487646293888 0.4270833333333333 0.032509752925877766 0.2013888888888889
7 0.6531209362808843 0.5445601851851852 0.08517555266579974 0.29050925925925924
7 0.697334200260078 0.5248842592592593 0.053966189856957086 0.41087962962962965
7 0.7262678803641093 0.5295138888888888 0.05201560468140442 0.48032407407407407
7 0.7698309492847855 0.47858796296296297 0.0611183355006502 0.45949074074074076
7 0.8680104031209362 0.5353009259259259 0.19635890767230169 0.9270833333333334