7 0.61181640625 0.6591796875 0.013671875 0.051432291666666664
7 0.783447265625 0.6897786458333334 0.0185546875 0.05078125
7 0.698486328125 0.7490234375 0.01513671875 0.043619791666666664
7 0.899169921875 0.763671875 0.02197265625 0.046875
7 0.703125 0.7845052083333334 0.01953125 0.036458333333333336
6 0.275390625 0.939453125 0.02734375 0.059895833333333336
5 0.874755859375 0.09733072916666667 0.07080078125 0.07877604166666667
5 0.729736328125 0.2158203125 0.07373046875 0.08919270833333333
5 0.5732421875 0.3857421875 0.0869140625 0.09700520833333333
5 0.850341796875 0.039713541666666664 0.07275390625 0.07942708333333333
7 0.83935546875 0.3987630208333333 0.0185546875 0.043619791666666664
5 0.630126953125 0.4244791666666667 0.07373046875 0.10286458333333333
5 0.42236328125 0.4671223958333333 0.083984375 0.107421875
5 0.53662109375 0.5631510416666666 0.07421875 0.12630208333333334
5 0.426025390625 0.59375 0.07275390625 0.09505208333333333
7 0.669189453125 0.6149088541666666 0.01416015625 0.047526041666666664
7 0.275390625 0.93359375 0.02294921875 0.048177083333333336