7 0.04541015625 0.76996336996337 0.0478515625 0.11575091575091576
5 0.657958984375 0.8743589743589744 0.16845703125 0.2512820512820513
5 0.453125 0.9256410256410257 0.158203125 0.14871794871794872
5 0.17919921875 0.9421245421245421 0.125 0.11575091575091576
7 0.814208984375 0.11355311355311355 0.04833984375 0.11721611721611722
7 0.591064453125 0.12161172161172161 0.03759765625 0.10695970695970695
7 0.342041015625 0.13223443223443224 0.04638671875 0.10329670329670329
7 0.56591796875 0.16593406593406593 0.0380859375 0.10329670329670329
7 0.5009765625 0.29194139194139196 0.0419921875 0.12380952380952381
7 0.567626953125 0.3128205128205128 0.04833984375 0.1304029304029304
7 0.5322265625 0.3249084249084249 0.0283203125 0.11062271062271062
6 0.107421875 0.33296703296703295 0.1083984375 0.13406593406593406
7 0.8837890625 0.0347985347985348 0.037109375 0.0695970695970696
7 0.731689453125 0.36153846153846153 0.04345703125 0.10622710622710622
7 0.982177734375 0.3641025641025641 0.03466796875 0.09084249084249084
7 0.40673828125 0.36446886446886445 0.041015625 0.11062271062271062
7 0.83642578125 0.03736263736263736 0.02734375 0.07472527472527472
7 0.253173828125 0.37435897435897436 0.05224609375 0.11135531135531136
7 0.74853515625 0.39084249084249084 0.0322265625 0.11208791208791209
5 0.03076171875 0.3952380952380952 0.0615234375 0.21611721611721613
7 0.77880859375 0.4076923076923077 0.0517578125 0.10622710622710622
7 0.976318359375 0.43333333333333335 0.03857421875 0.09597069597069598
7 0.9189453125 0.43626373626373627 0.0380859375 0.12380952380952381
7 0.511474609375 0.4663003663003663 0.03857421875 0.11648351648351649
7 0.224365234375 0.47509157509157507 0.03369140625 0.10183150183150183
7 0.233642578125 0.517948717948718 0.04248046875 0.10402930402930403
7 0.976806640625 0.5501831501831502 0.04052734375 0.1054945054945055
7 0.30029296875 0.5641025641025641 0.03515625 0.10842490842490843
7 0.30517578125 0.5842490842490843 0.037109375 0.11501831501831501
7 0.70703125 0.5901098901098901 0.052734375 0.10915750915750916
7 0.915283203125 0.6003663003663003 0.03759765625 0.09597069597069598
7 0.39599609375 0.6553113553113553 0.0302734375 0.0945054945054945
7 0.310791015625 0.6831501831501832 0.03564453125 0.12527472527472527
7 0.199462890625 0.6956043956043956 0.03662109375 0.08717948717948718
7 0.042236328125 0.7073260073260074 0.03759765625 0.09304029304029304