7 0.3546875 0.75625 0.026041666666666668 0.0625
5 0.9182291666666667 0.0796875 0.06354166666666666 0.053125
6 0.8208333333333333 0.08125 0.008333333333333333 0.027083333333333334
5 0.9333333333333333 0.08958333333333333 0.07083333333333333 0.04791666666666667
6 0.8578125 0.0984375 0.026041666666666668 0.03229166666666667
6 0.8203125 0.1046875 0.015625 0.023958333333333335
6 0.865625 0.10625 0.029166666666666667 0.025
5 0.9333333333333333 0.109375 0.07083333333333333 0.05416666666666667
6 0.88125 0.1140625 0.020833333333333332 0.030208333333333334
6 0.8114583333333333 0.12447916666666667 0.027083333333333334 0.028125
6 0.8182291666666667 0.14375 0.019791666666666666 0.026041666666666668
7 0.9234375 0.016666666666666666 0.011458333333333333 0.03125
6 0.7395833333333334 0.18177083333333333 0.03125 0.026041666666666668
5 0.88125 0.021875 0.058333333333333334 0.041666666666666664
6 0.3671875 0.28020833333333334 0.017708333333333333 0.035416666666666666
7 0.3151041666666667 0.2916666666666667 0.013541666666666667 0.035416666666666666
7 0.30364583333333334 0.31875 0.013541666666666667 0.03333333333333333
6 0.2671875 0.3229166666666667 0.017708333333333333 0.0375
7 0.2557291666666667 0.33958333333333335 0.015625 0.0375
7 0.2890625 0.3489583333333333 0.015625 0.03958333333333333
7 0.14895833333333333 0.39791666666666664 0.01875 0.035416666666666666
7 0.21510416666666668 0.4005208333333333 0.019791666666666666 0.042708333333333334
7 0.9473958333333333 0.43697916666666664 0.03229166666666667 0.06666666666666667
5 0.884375 0.04479166666666667 0.058333333333333334 0.041666666666666664
7 0.9302083333333333 0.4552083333333333 0.029166666666666667 0.0625
7 0.8890625 0.4588541666666667 0.023958333333333335 0.06666666666666667
7 0.7765625 0.46145833333333336 0.023958333333333335 0.07083333333333333
7 0.6890625 0.46510416666666665 0.026041666666666668 0.05520833333333333
7 0.4953125 0.4786458333333333 0.017708333333333333 0.05520833333333333
7 0.026041666666666668 0.48802083333333335 0.020833333333333332 0.03854166666666667
5 0.896875 0.053125 0.052083333333333336 0.04583333333333333
7 0.5890625 0.525 0.019791666666666666 0.0625
7 0.690625 0.5421875 0.01875 0.065625
5 0.9052083333333333 0.06197916666666667 0.0625 0.051041666666666666
7 0.13645833333333332 0.63125 0.025 0.04583333333333333
7 0.24947916666666667 0.6333333333333333 0.026041666666666668 0.05625
7 0.278125 0.7151041666666667 0.029166666666666667 0.057291666666666664