5 0.9794921875 0.06547231270358306 0.041015625 0.08013029315960912
7 0.84326171875 0.06644951140065146 0.009765625 0.026058631921824105
7 0.969970703125 0.6804560260586319 0.03271484375 0.028013029315960912
7 0.992431640625 0.6850162866449512 0.01513671875 0.013680781758957655
6 0.939208984375 0.06938110749185668 0.03369140625 0.051465798045602605
7 0.9755859375 0.698371335504886 0.037109375 0.031270358306188926
7 0.91015625 0.714657980456026 0.029296875 0.03778501628664495
5 0.17822265625 0.7149837133550488 0.107421875 0.14267100977198696
7 0.984619140625 0.7293159609120521 0.03076171875 0.024104234527687295
7 0.98095703125 0.752442996742671 0.0380859375 0.02736156351791531
7 0.621826171875 0.0771986970684039 0.01220703125 0.03061889250814332
7 0.944091796875 0.8055374592833876 0.02978515625 0.026710097719869708
7 0.9873046875 0.8241042345276873 0.025390625 0.02736156351791531
5 0.13818359375 0.863843648208469 0.1142578125 0.15895765472312703
7 0.987060546875 0.8644951140065147 0.02587890625 0.026058631921824105
5 0.43701171875 0.9162866449511401 0.115234375 0.16482084690553747
5 0.572021484375 0.9283387622149837 0.11767578125 0.14332247557003258
5 0.333251953125 0.9355048859934854 0.11865234375 0.1289902280130293
7 0.2578125 0.09576547231270359 0.0185546875 0.04560260586319218
7 0.910888671875 0.9879478827361563 0.03173828125 0.024104234527687295
7 0.729248046875 0.103257328990228 0.0146484375 0.03778501628664495
7 0.474609375 0.1006514657980456 0.0107421875 0.01498371335504886
7 0.24609375 0.10553745928338762 0.0185546875 0.040390879478827364
7 0.4697265625 0.11302931596091205 0.0166015625 0.038436482084690554
7 0.586669921875 0.11824104234527687 0.00830078125 0.012377850162866449
7 0.4794921875 0.11889250814332247 0.0107421875 0.03973941368078176
7 0.619873046875 0.013029315960912053 0.01123046875 0.026058631921824105
7 0.50048828125 0.13322475570032574 0.009765625 0.03713355048859935
7 0.58544921875 0.13745928338762214 0.0146484375 0.03778501628664495
7 0.489013671875 0.13811074918566776 0.01220703125 0.02996742671009772
7 0.297119140625 0.13973941368078177 0.02001953125 0.04364820846905537
7 0.597412109375 0.14267100977198696 0.01220703125 0.04299674267100977
5 0.922119140625 0.1488599348534202 0.07373046875 0.09055374592833876
7 0.73095703125 0.01498371335504886 0.017578125 0.02996742671009772
7 0.257080078125 0.1511400651465798 0.01708984375 0.03517915309446254
7 0.250732421875 0.16026058631921825 0.01806640625 0.04169381107491857
7 0.28466796875 0.16091205211726384 0.0185546875 0.04169381107491857
5 0.97412109375 0.16547231270358306 0.05078125 0.09902280130293159
7 0.780517578125 0.01758957654723127 0.01513671875 0.03517915309446254
7 0.656982421875 0.017915309446254073 0.01806640625 0.035830618892508145
7 0.180419921875 0.18957654723127035 0.01611328125 0.04299674267100977
7 0.18994140625 0.19022801302931597 0.0185546875 0.03517915309446254
7 0.5048828125 0.1993485342019544 0.013671875 0.036482084690553744
7 0.63134765625 0.1996742671009772 0.01953125 0.03713355048859935
7 0.44970703125 0.2009771986970684 0.013671875 0.03973941368078176
7 0.51318359375 0.2022801302931596 0.0146484375 0.04104234527687296
5 0.01513671875 0.20390879478827362 0.0302734375 0.07687296416938111
7 0.433837890625 0.20684039087947884 0.01220703125 0.029315960912052116
7 0.487060546875 0.20846905537459284 0.01416015625 0.03778501628664495
7 0.341064453125 0.21335504885993486 0.01416015625 0.031921824104234525
7 0.54052734375 0.21889250814332248 0.015625 0.03908794788273615
7 0.31103515625 0.2280130293159609 0.0185546875 0.03778501628664495
7 0.33349609375 0.2293159609120521 0.013671875 0.036482084690553744
7 0.54931640625 0.2315960912052117 0.015625 0.038436482084690554
7 0.43505859375 0.23257328990228013 0.0166015625 0.03908794788273615
7 0.66162109375 0.023452768729641693 0.01171875 0.026058631921824105
7 0.671630859375 0.023452768729641693 0.01416015625 0.033876221498371335
7 0.20947265625 0.23452768729641693 0.0185546875 0.03908794788273615
7 0.5205078125 0.23485342019543973 0.009765625 0.028013029315960912
7 0.302978515625 0.23680781758957656 0.01708984375 0.03973941368078176
7 0.528076171875 0.23745928338762215 0.01416015625 0.03973941368078176
5 0.9013671875 0.2452768729641694 0.0830078125 0.09576547231270359
7 0.405029296875 0.2472312703583062 0.01513671875 0.03713355048859935
7 0.225830078125 0.2534201954397394 0.01904296875 0.03778501628664495
7 0.529541015625 0.255700325732899 0.01513671875 0.03973941368078176
7 0.232177734375 0.25895765472312704 0.01513671875 0.03322475570032573
7 0.41650390625 0.26091205211726387 0.0126953125 0.03713355048859935
5 0.992431640625 0.2664495114006515 0.01513671875 0.049511400651465795
7 0.53369140625 0.26677524429967425 0.0166015625 0.03713355048859935
7 0.24462890625 0.2732899022801303 0.0205078125 0.04234527687296417
7 0.545654296875 0.2768729641693811 0.00927734375 0.03517915309446254
7 0.465576171875 0.2781758957654723 0.01416015625 0.036482084690553744
7 0.490478515625 0.28273615635179156 0.00830078125 0.033876221498371335
7 0.26708984375 0.28273615635179156 0.0185546875 0.036482084690553744
7 0.547607421875 0.2837133550488599 0.01513671875 0.03973941368078176
7 0.291259765625 0.28566775244299675 0.01611328125 0.04364820846905537
7 0.2822265625 0.28631921824104234 0.017578125 0.04234527687296417
7 0.391845703125 0.28859934853420194 0.01513671875 0.024755700325732898
7 0.4677734375 0.29511400651465797 0.0185546875 0.02996742671009772
7 0.429443359375 0.2970684039087948 0.01611328125 0.03517915309446254
7 0.203369140625 0.03029315960912052 0.02001953125 0.04234527687296417
7 0.266357421875 0.3006514657980456 0.02099609375 0.03973941368078176
7 0.311767578125 0.3042345276872964 0.01123046875 0.033876221498371335
7 0.30322265625 0.306514657980456 0.01171875 0.028013029315960912
5 0.82177734375 0.30749185667752443 0.0810546875 0.10423452768729642
7 0.31982421875 0.31302931596091205 0.0107421875 0.03713355048859935
7 0.5078125 0.31335504885993487 0.017578125 0.036482084690553744
7 0.396728515625 0.31400651465798046 0.01708984375 0.03908794788273615
7 0.283447265625 0.3166123778501629 0.01513671875 0.04169381107491857
7 0.4462890625 0.3198697068403909 0.0126953125 0.040390879478827364
7 0.425537109375 0.3254071661237785 0.01904296875 0.038436482084690554
7 0.33349609375 0.3299674267100977 0.01953125 0.03973941368078176
7 0.31201171875 0.33029315960912053 0.0166015625 0.028664495114006514
7 0.419921875 0.33615635179153097 0.017578125 0.03517915309446254
7 0.66259765625 0.33745928338762216 0.0107421875 0.02996742671009772
7 0.33740234375 0.34104234527687294 0.0126953125 0.031921824104234525
7 0.353271484375 0.34136807817589576 0.01513671875 0.031270358306188926
7 0.39306640625 0.3416938110749186 0.0126953125 0.038436482084690554
7 0.552734375 0.3449511400651466 0.0166015625 0.028013029315960912
7 0.453369140625 0.3478827361563518 0.01220703125 0.03908794788273615
7 0.654296875 0.350814332247557 0.013671875 0.03452768729641694
7 0.361328125 0.350814332247557 0.0126953125 0.03061889250814332
5 0.9609375 0.3517915309446254 0.076171875 0.11074918566775244
7 0.31640625 0.352442996742671 0.0146484375 0.02214983713355049
7 0.6982421875 0.035830618892508145 0.009765625 0.020846905537459284
7 0.34716796875 0.36156351791530944 0.0185546875 0.031270358306188926
7 0.487548828125 0.36579804560260587 0.01123046875 0.03322475570032573
7 0.552001953125 0.3700325732899023 0.01513671875 0.03257328990228013
7 0.32568359375 0.3700325732899023 0.017578125 0.028664495114006514
7 0.3671875 0.3706840390879479 0.01171875 0.016938110749185668
7 0.410400390625 0.3732899022801303 0.01904296875 0.03517915309446254
7 0.491943359375 0.3778501628664495 0.0068359375 0.025407166123778503
7 0.37158203125 0.3801302931596091 0.013671875 0.01758957654723127
5 0.04736328125 0.38306188925081436 0.0869140625 0.10162866449511401
7 0.348388671875 0.38729641693811073 0.01513671875 0.03452768729641694
7 0.680419921875 0.004234527687296417 0.00830078125 0.008469055374592834
7 0.46044921875 0.39087947882736157 0.0126953125 0.04169381107491857
7 0.361328125 0.39120521172638434 0.013671875 0.03061889250814332
7 0.404541015625 0.3973941368078176 0.01318359375 0.033876221498371335
7 0.504638671875 0.39771986970684037 0.01123046875 0.031921824104234525
7 0.45751953125 0.3996742671009772 0.01171875 0.03322475570032573
7 0.3779296875 0.4003257328990228 0.0166015625 0.029315960912052116
7 0.408935546875 0.40651465798045605 0.01025390625 0.024755700325732898
7 0.35986328125 0.41368078175895767 0.0146484375 0.031270358306188926
7 0.484130859375 0.41465798045602603 0.01220703125 0.02280130293159609
7 0.447509765625 0.4198697068403909 0.01123046875 0.01498371335504886
7 0.369873046875 0.4201954397394137 0.01513671875 0.031270358306188926
5 0.83984375 0.42117263843648206 0.076171875 0.0996742671009772
7 0.469482421875 0.4214983713355049 0.01708984375 0.026058631921824105
7 0.46875 0.4221498371335505 0.017578125 0.026058631921824105
7 0.380126953125 0.42280130293159607 0.01123046875 0.02996742671009772
7 0.4306640625 0.42671009771986973 0.0166015625 0.033876221498371335
7 0.410888671875 0.4276872964169381 0.01318359375 0.031921824104234525
7 0.387451171875 0.43127035830618893 0.01220703125 0.024755700325732898
7 0.453125 0.43159609120521175 0.013671875 0.018892508143322474
7 0.48681640625 0.43778501628664496 0.0146484375 0.031270358306188926
7 0.39453125 0.4449511400651466 0.015625 0.03908794788273615
7 0.41552734375 0.44625407166123776 0.0166015625 0.03257328990228013
7 0.510498046875 0.44788273615635177 0.01513671875 0.03322475570032573
7 0.7021484375 0.004560260586319218 0.01171875 0.009120521172638436
7 0.454833984375 0.45635179153094463 0.01513671875 0.03452768729641694
7 0.520263671875 0.45798045602605864 0.01513671875 0.033876221498371335
7 0.402587890625 0.45798045602605864 0.01123046875 0.031270358306188926
7 0.474609375 0.4592833876221498 0.0166015625 0.03778501628664495
7 0.490478515625 0.46188925081433224 0.01318359375 0.019543973941368076
5 0.89501953125 0.46221498371335507 0.0869140625 0.12182410423452769
7 0.42431640625 0.46254071661237783 0.01171875 0.033876221498371335
7 0.44091796875 0.46905537459283386 0.015625 0.031270358306188926
7 0.490966796875 0.4755700325732899 0.01123046875 0.031270358306188926
7 0.52197265625 0.47687296416938113 0.0146484375 0.02736156351791531
7 0.41845703125 0.4788273615635179 0.01171875 0.02996742671009772
7 0.76953125 0.4798045602605863 0.0224609375 0.03322475570032573
7 0.4501953125 0.4859934853420195 0.013671875 0.033876221498371335
7 0.46435546875 0.4859934853420195 0.0126953125 0.033876221498371335
7 0.703857421875 0.48697068403908794 0.02294921875 0.03713355048859935
7 0.84521484375 0.049185667752443 0.0126953125 0.025407166123778503
7 0.580078125 0.49022801302931596 0.017578125 0.020195439739413682
7 0.42578125 0.49022801302931596 0.01171875 0.031921824104234525
7 0.50146484375 0.49087947882736155 0.0146484375 0.035830618892508145
7 0.479736328125 0.49804560260586317 0.01416015625 0.03322475570032573
7 0.738525390625 0.050488599348534204 0.01513671875 0.03973941368078176
7 0.723388671875 0.050814332247557006 0.01025390625 0.036482084690553744
7 0.75048828125 0.050814332247557006 0.01953125 0.040390879478827364
7 0.576904296875 0.5091205211726384 0.01416015625 0.03452768729641694
5 0.035400390625 0.5100977198697069 0.07080078125 0.12247557003257328
7 0.442626953125 0.5130293159609121 0.01708984375 0.031921824104234525
7 0.493896484375 0.5143322475570032 0.01220703125 0.03061889250814332
7 0.6240234375 0.051465798045602605 0.01171875 0.03517915309446254
5 0.9658203125 0.5146579804560261 0.0673828125 0.1276872964169381
7 0.565673828125 0.5185667752442997 0.01416015625 0.031270358306188926
7 0.480712890625 0.5231270358306189 0.01123046875 0.023452768729641693
7 0.614501953125 0.053420195439739415 0.01513671875 0.04169381107491857
7 0.508056640625 0.5381107491856677 0.01513671875 0.033876221498371335
7 0.486328125 0.5400651465798045 0.013671875 0.02996742671009772
7 0.46533203125 0.5446254071661237 0.0166015625 0.036482084690553744
7 0.500244140625 0.552442996742671 0.01416015625 0.02996742671009772
7 0.517822265625 0.5566775244299674 0.01416015625 0.03322475570032573
7 0.491455078125 0.5579804560260586 0.01513671875 0.031921824104234525
7 0.130859375 0.05667752442996743 0.0146484375 0.023452768729641693
7 0.506103515625 0.5778501628664495 0.01513671875 0.026058631921824105
5 0.2001953125 0.6061889250814332 0.1123046875 0.14788273615635178
5 0.319580078125 0.613029315960912 0.10205078125 0.13420195439739413
5 0.901123046875 0.6133550488599349 0.08447265625 0.12052117263843648
7 0.7177734375 0.06254071661237785 0.01171875 0.031270358306188926
7 0.8310546875 0.6355048859934853 0.025390625 0.031921824104234525
7 0.796630859375 0.6403908794788273 0.02294921875 0.02996742671009772
7 0.822021484375 0.6485342019543974 0.02880859375 0.03452768729641694