7 0.16796875 0.6716612377850163 0.0322265625 0.02736156351791531
7 0.392822265625 0.7201954397394137 0.02001953125 0.025407166123778503
7 0.33837890625 0.7237785016286645 0.0185546875 0.028664495114006514
7 0.392822265625 0.7465798045602606 0.01611328125 0.024755700325732898
7 0.511474609375 0.7472312703583062 0.01220703125 0.026058631921824105
7 0.343017578125 0.7482084690553746 0.01611328125 0.025407166123778503
7 0.7919921875 0.7504885993485342 0.037109375 0.02996742671009772
7 0.444580078125 0.7530944625407167 0.01416015625 0.026058631921824105
7 0.16845703125 0.7644951140065147 0.03125 0.029315960912052116
7 0.444091796875 0.7671009771986971 0.01513671875 0.01498371335504886
7 0.80322265625 0.7768729641693811 0.0283203125 0.03061889250814332
7 0.427001953125 0.7775244299674267 0.01806640625 0.029315960912052116
7 0.474853515625 0.7811074918566775 0.01416015625 0.02996742671009772
7 0.408935546875 0.7833876221498371 0.01416015625 0.031921824104234525
7 0.1591796875 0.7866449511400652 0.03125 0.02280130293159609
7 0.779052734375 0.7944625407166124 0.02783203125 0.020195439739413682
7 0.821533203125 0.7973941368078176 0.02685546875 0.023452768729641693
7 0.8193359375 0.08045602605863192 0.029296875 0.026710097719869708
7 0.41796875 0.8143322475570033 0.015625 0.02996742671009772
7 0.439208984375 0.8234527687296417 0.02001953125 0.036482084690553744
7 0.402099609375 0.8241042345276873 0.01708984375 0.033876221498371335
7 0.42529296875 0.8407166123778501 0.0126953125 0.04234527687296417
7 0.295654296875 0.8543973941368078 0.021484375 0.04234527687296417
7 0.429443359375 0.8566775244299675 0.0146484375 0.036482084690553744
7 0.2841796875 0.8625407166123779 0.0205078125 0.03778501628664495
7 0.424072265625 0.8729641693811075 0.01025390625 0.019543973941368076
7 0.270751953125 0.8732899022801303 0.01123046875 0.028013029315960912
7 0.295654296875 0.26449511400651465 0.02392578125 0.02736156351791531
7 0.299072265625 0.2921824104234528 0.01806640625 0.02280130293159609
7 0.32763671875 0.34039087947882735 0.01953125 0.021498371335504887
6 0.14208984375 0.3755700325732899 0.0341796875 0.06970684039087947
6 0.27783203125 0.3778501628664495 0.0263671875 0.05863192182410423
6 0.236083984375 0.3807817589576547 0.03173828125 0.06449511400651466
5 0.029052734375 0.4009771986970684 0.05810546875 0.05928338762214984
5 0.603271484375 0.4944625407166124 0.11474609375 0.06905537459283388
5 0.844482421875 0.5026058631921824 0.11865234375 0.06840390879478828
7 0.32568359375 0.5263843648208469 0.0205078125 0.033876221498371335
7 0.30712890625 0.5436482084690554 0.0224609375 0.03452768729641694
7 0.351318359375 0.5830618892508144 0.02587890625 0.026058631921824105
7 0.3740234375 0.5931596091205211 0.0185546875 0.024104234527687295
5 0.216064453125 0.5957654723127036 0.11572265625 0.06970684039087947
5 0.060302734375 0.5996742671009772 0.12060546875 0.07231270358306188
5 0.840576171875 0.6110749185667752 0.10009765625 0.06775244299674267