7 0.1484375 0.7395757132406731 0.0205078125 0.06437454279444038
7 0.166015625 0.7487198244330651 0.0146484375 0.04901243599122165
7 0.239990234375 0.7556693489392831 0.02685546875 0.043891733723482075
7 0.24169921875 0.7838332114118508 0.0205078125 0.06803218727139722
7 0.0859375 0.9392831016825165 0.01953125 0.07900512070226774
7 0.098388671875 0.9612289685442575 0.02490234375 0.07754206291148501
7 0.18017578125 0.978054133138259 0.021484375 0.043891733723482075
7 0.16455078125 0.9846378931967813 0.0185546875 0.030724213606437453
7 0.15771484375 0.10460863204096561 0.0234375 0.06730065837600585
7 0.448486328125 0.033650329188002925 0.02099609375 0.06291148500365765
6 0.632568359375 0.36430138990490124 0.06884765625 0.06437454279444038
7 0.357421875 0.365764447695684 0.0302734375 0.06730065837600585
7 0.18017578125 0.5815654718361375 0.0185546875 0.06876371616678859
7 0.165283203125 0.5819312362838333 0.01806640625 0.06803218727139722
7 0.07421875 0.6865398683247989 0.01953125 0.07388441843452817
7 0.631103515625 0.35771762984637895 0.02294921875 0.05047549378200439