5 0.9791666666666666 0.11927083333333334 0.0125 0.01875
5 0.978125 0.13229166666666667 0.014583333333333334 0.0125
7 0.40208333333333335 0.2015625 0.016666666666666666 0.021875
7 0.17708333333333334 0.21145833333333333 0.014583333333333334 0.0375
6 0.3546875 0.2265625 0.011458333333333333 0.03229166666666667
6 0.45729166666666665 0.2328125 0.016666666666666666 0.034375
7 0.3453125 0.23489583333333333 0.009375 0.036458333333333336
7 0.26145833333333335 0.23541666666666666 0.0125 0.03958333333333333
5 0.9885416666666667 0.2375 0.022916666666666665 0.027083333333333334
7 0.42083333333333334 0.240625 0.010416666666666666 0.035416666666666666
5 0.9869791666666666 0.2598958333333333 0.026041666666666668 0.026041666666666668
7 0.3640625 0.2625 0.007291666666666667 0.03958333333333333
7 0.3098958333333333 0.26666666666666666 0.013541666666666667 0.03125
6 0.9354166666666667 0.2671875 0.0125 0.030208333333333334
7 0.2994791666666667 0.2671875 0.011458333333333333 0.042708333333333334
5 0.9921875 0.2796875 0.015625 0.034375
6 0.9260416666666667 0.2911458333333333 0.01875 0.030208333333333334
6 0.9666666666666667 0.29635416666666664 0.029166666666666667 0.028125
6 0.9119791666666667 0.30416666666666664 0.020833333333333332 0.01875
6 0.9713541666666666 0.3104166666666667 0.034375 0.025
7 0.041666666666666664 0.3140625 0.020833333333333332 0.042708333333333334
6 0.9166666666666666 0.3203125 0.01875 0.040625
6 0.8307291666666666 0.3203125 0.03229166666666667 0.030208333333333334
6 0.9864583333333333 0.32447916666666665 0.027083333333333334 0.023958333333333335
7 0.2916666666666667 0.40989583333333335 0.020833333333333332 0.04895833333333333
7 0.36666666666666664 0.4234375 0.0125 0.04895833333333333
7 0.08177083333333333 0.4375 0.019791666666666666 0.04791666666666667
7 0.16041666666666668 0.4473958333333333 0.025 0.053125
7 0.09895833333333333 0.46875 0.016666666666666666 0.053125
7 0.7083333333333334 0.5036458333333333 0.022916666666666665 0.058333333333333334
7 0.684375 0.5083333333333333 0.022916666666666665 0.06041666666666667
7 0.38333333333333336 0.5192708333333333 0.017708333333333333 0.05520833333333333
7 0.321875 0.5401041666666667 0.017708333333333333 0.05520833333333333
7 0.7359375 0.6041666666666666 0.026041666666666668 0.06354166666666666
7 0.47760416666666666 0.6395833333333333 0.019791666666666666 0.06354166666666666
7 0.815625 0.7322916666666667 0.028125 0.07083333333333333