7 0.354248046875 0.7555309734513275 0.02587890625 0.06268436578171091
5 0.917724609375 0.07927728613569321 0.06298828125 0.05235988200589971
6 0.821044921875 0.08075221238938053 0.00830078125 0.02728613569321534
5 0.933349609375 0.08886430678466077 0.07080078125 0.04793510324483776
6 0.857421875 0.09845132743362832 0.025390625 0.03171091445427729
6 0.81982421875 0.10398230088495575 0.015625 0.02359882005899705
6 0.864990234375 0.10619469026548672 0.02880859375 0.025073746312684365
5 0.933349609375 0.10951327433628319 0.07080078125 0.05383480825958702
6 0.881103515625 0.11393805309734513 0.02099609375 0.03023598820058997
6 0.8115234375 0.12463126843657817 0.0263671875 0.028023598820058997
6 0.818115234375 0.14380530973451328 0.02001953125 0.02654867256637168
7 0.9228515625 0.016592920353982302 0.0107421875 0.03171091445427729
6 0.739501953125 0.181047197640118 0.03076171875 0.025811209439528023
5 0.881103515625 0.022123893805309734 0.05810546875 0.04129793510324484
6 0.367431640625 0.27949852507374634 0.01708984375 0.035398230088495575
7 0.314453125 0.2916666666666667 0.013671875 0.03466076696165192
7 0.302978515625 0.31821533923303835 0.01318359375 0.033185840707964605
6 0.2666015625 0.3230088495575221 0.017578125 0.03687315634218289
7 0.255615234375 0.3392330383480826 0.01513671875 0.03687315634218289
7 0.28857421875 0.349188790560472 0.015625 0.03908554572271387
7 0.14892578125 0.3974926253687316 0.0185546875 0.035398230088495575
7 0.21533203125 0.4000737463126844 0.01953125 0.0420353982300885
7 0.947265625 0.4362094395280236 0.0322265625 0.06710914454277286
5 0.88427734375 0.04498525073746313 0.0576171875 0.04129793510324484
7 0.9296875 0.4553834808259587 0.029296875 0.06268436578171091
7 0.88916015625 0.4583333333333333 0.0234375 0.06710914454277286
7 0.7763671875 0.4609144542772861 0.0234375 0.07079646017699115
7 0.68896484375 0.46497050147492625 0.025390625 0.05530973451327434
7 0.4951171875 0.4778761061946903 0.017578125 0.05457227138643068
7 0.025634765625 0.4882005899705015 0.02099609375 0.038348082595870206
5 0.896728515625 0.05235988200589971 0.05224609375 0.045722713864306784
7 0.589111328125 0.5250737463126843 0.02001953125 0.061946902654867256
7 0.6904296875 0.5416666666666666 0.0185546875 0.06563421828908554
5 0.90478515625 0.06157817109144543 0.0625 0.05088495575221239
7 0.13623046875 0.6312684365781711 0.0244140625 0.045722713864306784
7 0.249267578125 0.6327433628318584 0.02587890625 0.05604719764011799
7 0.27783203125 0.7146017699115044 0.029296875 0.05752212389380531