5 0.979248046875 0.1187315634218289 0.01220703125 0.019174041297935103
5 0.9775390625 0.13163716814159293 0.0146484375 0.012536873156342183
7 0.40185546875 0.2013274336283186 0.0166015625 0.022123893805309734
7 0.1767578125 0.21165191740412978 0.0146484375 0.03687315634218289
6 0.3544921875 0.22603244837758113 0.01171875 0.03171091445427729
6 0.45654296875 0.2323008849557522 0.0166015625 0.03392330383480826
7 0.344970703125 0.23414454277286137 0.00927734375 0.036135693215339236
7 0.26123046875 0.234882005899705 0.0126953125 0.03908554572271387
5 0.98876953125 0.2374631268436578 0.0224609375 0.02654867256637168
7 0.42041015625 0.24041297935103245 0.009765625 0.035398230088495575
5 0.987060546875 0.25921828908554573 0.02587890625 0.025811209439528023
7 0.364013671875 0.26253687315634217 0.00732421875 0.03982300884955752
7 0.309326171875 0.2662241887905605 0.01318359375 0.030973451327433628
6 0.934814453125 0.2665929203539823 0.01220703125 0.03023598820058997
7 0.299072265625 0.2669616519174041 0.01123046875 0.04277286135693215
5 0.992431640625 0.27949852507374634 0.01513671875 0.03392330383480826
6 0.925537109375 0.29056047197640117 0.01806640625 0.029498525073746312
6 0.966064453125 0.29572271386430676 0.02880859375 0.028023598820058997
6 0.91162109375 0.30420353982300885 0.021484375 0.018436578171091445
6 0.971435546875 0.3101032448377581 0.03369140625 0.024336283185840708
7 0.04150390625 0.3134218289085546 0.0205078125 0.04277286135693215
6 0.916259765625 0.3196902654867257 0.01806640625 0.04056047197640118
6 0.830322265625 0.3200589970501475 0.03173828125 0.029498525073746312
6 0.98681640625 0.3252212389380531 0.0263671875 0.02359882005899705
7 0.291748046875 0.4092920353982301 0.02099609375 0.048672566371681415
7 0.366455078125 0.42330383480825956 0.01220703125 0.048672566371681415
7 0.081298828125 0.43694690265486724 0.01904296875 0.04793510324483776
7 0.16064453125 0.4472713864306785 0.0244140625 0.05235988200589971
7 0.098876953125 0.46865781710914456 0.01611328125 0.05383480825958702
7 0.7080078125 0.5036873156342183 0.0224609375 0.058997050147492625
7 0.68408203125 0.508480825958702 0.0224609375 0.059734513274336286
7 0.382568359375 0.5188053097345132 0.01806640625 0.05530973451327434
7 0.322021484375 0.5401917404129793 0.01806640625 0.05530973451327434
7 0.7353515625 0.6036135693215339 0.025390625 0.06415929203539823
7 0.477783203125 0.6390117994100295 0.02001953125 0.06415929203539823
7 0.815185546875 0.7315634218289085 0.02880859375 0.07079646017699115