5 0.29375 0.6399099774943736 0.0265 0.037509377344336084
5 0.2745 0.6811702925731433 0.022 0.035258814703675916
5 0.96725 0.5198799699924981 0.011 0.03825956489122281
5 0.95475 0.5157539384846211 0.0095 0.0277569392348087
5 0.945 0.518754688672168 0.0095 0.0277569392348087
5 0.93475 0.5213803450862715 0.0105 0.03075768942235559
5 0.9235 0.5251312828207052 0.0105 0.03225806451612903
5 0.95175 0.5603900975243811 0.0275 0.024756189047261814
5 0.901 0.5247561890472618 0.0115 0.03975993998499625
5 0.91375 0.6061515378844711 0.0145 0.037509377344336084
5 0.946 0.6507876969242311 0.0115 0.04051012753188297
5 0.9605 0.6496624156039009 0.009 0.03075768942235559
5 0.87925 0.10390097524381095 0.023 0.016504126031507877
5 0.882 0.12303075768942236 0.0235 0.015753938484621154
5 0.65125 0.42385596399099773 0.0215 0.014253563390847712
5 0.8015 0.44973743435858965 0.0225 0.01800450112528132
5 0.79425 0.4808702175543886 0.022 0.020255063765941484
5 0.79075 0.4988747186796699 0.022 0.018754688672168042
5 0.5055 0.46324081020255065 0.0205 0.01800450112528132
5 0.50025 0.4789947486871718 0.0245 0.023255813953488372
5 0.84525 0.7269317329332333 0.0265 0.03150787696924231
5 0.83 0.6342835708927231 0.01 0.03375843960990248
5 0.8105 0.8923480870217554 0.0215 0.016504126031507877
5 0.5315 0.7456864216054013 0.0235 0.0172543135783946
5 0.53075 0.72655663915979 0.0185 0.015753938484621154
0 0.11275 0.7145536384096024 0.2255 0.45236309077269315
0 0.3845 0.7160540135033758 0.2605 0.3870967741935484
0 0.67025 0.7025506376594148 0.2405 0.3968492123030758
0 0.90475 0.8237059264816204 0.1475 0.2423105776444111
5 0.50775 0.4452363090772693 0.0215 0.021005251312828207