14 0.8617788461538461 0.3004807692307692 0.27163461538461536 0.22355769230769232
14 0.6346153846153846 0.328125 0.27403846153846156 0.24519230769230768
14 0.11298076923076923 0.33533653846153844 0.22596153846153846 0.2091346153846154
14 0.4951923076923077 0.037259615384615384 0.18990384615384615 0.07451923076923077
14 0.24158653846153846 0.3870192307692308 0.2932692307692308 0.19471153846153846
14 0.8112980769230769 0.5096153846153846 0.34615384615384615 0.30288461538461536
14 0.1141826923076923 0.5901442307692307 0.2283653846153846 0.36538461538461536
14 0.18269230769230768 0.06370192307692307 0.30288461538461536 0.12740384615384615
14 0.23798076923076922 0.6754807692307693 0.3173076923076923 0.3269230769230769
14 0.8329326923076923 0.7319711538461539 0.3317307692307692 0.31490384615384615
14 0.890625 0.07692307692307693 0.21634615384615385 0.15384615384615385
14 0.6646634615384616 0.08173076923076923 0.22355769230769232 0.16346153846153846
14 0.4338942307692308 0.828125 0.33653846153846156 0.33653846153846156
14 0.16826923076923078 0.9182692307692307 0.33653846153846156 0.15625
14 0.421875 0.1346153846153846 0.25 0.18028846153846154
14 0.5973557692307693 0.1622596153846154 0.2668269230769231 0.21634615384615385
14 0.12740384615384615 0.18028846153846154 0.2548076923076923 0.21153846153846154
14 0.7800480769230769 0.18870192307692307 0.23076923076923078 0.21153846153846154
14 0.9182692307692307 0.19591346153846154 0.15865384615384615 0.15144230769230768
14 0.42908653846153844 0.28846153846153844 0.2956730769230769 0.20673076923076922