5 0.13322916666666668 0.3522222222222222 0.03145833333333333 0.017777777777777778
5 0.1178125 0.3263888888888889 0.03125 0.01861111111111111
5 0.07802083333333333 0.32722222222222225 0.031041666666666665 0.016944444444444446
5 0.03833333333333333 0.3263888888888889 0.030625 0.01888888888888889
5 0.3902083333333333 0.14583333333333334 0.03979166666666667 0.0225
3 0.6591666666666667 0.07819444444444444 0.046875 0.023333333333333334
3 0.6139583333333334 0.07666666666666666 0.04479166666666667 0.026111111111111113
5 0.12895833333333334 0.45263888888888887 0.031041666666666665 0.01861111111111111
5 0.0240625 0.4529166666666667 0.025625 0.017222222222222222
5 0.4678125 0.3472222222222222 0.03208333333333333 0.019166666666666665
5 0.4708333333333333 0.47555555555555556 0.030416666666666668 0.01888888888888889
5 0.51125 0.47444444444444445 0.030625 0.01861111111111111
5 0.5557291666666667 0.47708333333333336 0.03166666666666667 0.0175
5 0.5959375 0.47444444444444445 0.029791666666666668 0.018055555555555554
5 0.6382291666666666 0.47680555555555554 0.03125 0.0175
5 0.6761458333333333 0.47638888888888886 0.031041666666666665 0.018055555555555554
5 0.716875 0.47291666666666665 0.03 0.01861111111111111
5 0.7596875 0.4725 0.030208333333333334 0.01861111111111111
5 0.7982291666666667 0.47625 0.029166666666666667 0.018333333333333333
5 0.8764583333333333 0.4773611111111111 0.031041666666666665 0.018333333333333333
5 0.9144791666666666 0.4752777777777778 0.030833333333333334 0.018333333333333333
5 0.9553125 0.4773611111111111 0.03 0.017777777777777778
5 0.9870833333333333 0.4731944444444444 0.025833333333333333 0.017777777777777778
5 0.966875 0.32513888888888887 0.03270833333333333 0.019166666666666665
5 0.9613541666666666 0.34791666666666665 0.03395833333333333 0.0175
5 0.9286458333333333 0.32569444444444445 0.034791666666666665 0.01888888888888889
5 0.8920833333333333 0.3234722222222222 0.03375 0.01861111111111111
5 0.8778125 0.34847222222222224 0.03395833333333333 0.019166666666666665
5 0.8465625 0.3233333333333333 0.03208333333333333 0.017222222222222222
5 0.7798958333333333 0.3715277777777778 0.03145833333333333 0.01972222222222222
5 0.7586458333333334 0.34833333333333333 0.032916666666666664 0.020833333333333332
5 0.763125 0.32180555555555557 0.033125 0.018333333333333333
5 0.725625 0.3223611111111111 0.03270833333333333 0.018055555555555554
5 0.6889583333333333 0.3209722222222222 0.03229166666666667 0.019444444444444445
5 0.6469791666666667 0.3225 0.028541666666666667 0.018055555555555554
5 0.6092708333333333 0.3219444444444444 0.03125 0.019444444444444445
5 0.5826041666666667 0.3477777777777778 0.030208333333333334 0.01861111111111111
7 0.6317708333333333 0.27666666666666667 0.0077083333333333335 0.008888888888888889
7 0.6403125 0.28375 0.005416666666666667 0.006666666666666667
7 0.7608333333333334 0.2816666666666667 0.006875 0.008055555555555555
5 0.9970833333333333 0.36819444444444444 0.005833333333333334 0.017222222222222222
5 0.9944791666666667 0.3234722222222222 0.011041666666666667 0.018055555555555554