7 0.7755208333333333 0.14583333333333334 0.034375 0.06759259259259259
7 0.6049479166666667 0.09305555555555556 0.028645833333333332 0.06574074074074074
7 0.16848958333333333 0.6680555555555555 0.043229166666666666 0.07314814814814814
7 0.06744791666666666 0.887962962962963 0.05677083333333333 0.07407407407407407
7 0.7122395833333334 0.047685185185185185 0.0296875 0.08796296296296297
7 0.74453125 0.03611111111111111 0.033854166666666664 0.07222222222222222
7 0.20494791666666667 0.9532407407407407 0.0421875 0.09166666666666666
7 0.79140625 0.2662037037037037 0.04635416666666667 0.06944444444444445
7 0.365625 0.2212962962962963 0.03333333333333333 0.06296296296296296
7 0.4114583333333333 0.3277777777777778 0.022916666666666665 0.06111111111111111
7 0.6356770833333333 0.0787037037037037 0.028645833333333332 0.07592592592592592
7 0.10572916666666667 0.7194444444444444 0.04895833333333333 0.05925925925925926
7 0.8083333333333333 0.15231481481481482 0.04479166666666667 0.0712962962962963
7 0.33255208333333336 0.20324074074074075 0.03697916666666667 0.06018518518518518
7 0.95859375 0.8916666666666667 0.0640625 0.07407407407407407
7 0.04114583333333333 0.07407407407407407 0.051041666666666666 0.07777777777777778
7 0.66875 0.07175925925925926 0.03125 0.09351851851851851
7 0.8447916666666667 0.6046296296296296 0.040625 0.06666666666666667
7 0.2453125 0.4134259259259259 0.028645833333333332 0.062037037037037036
7 0.27708333333333335 0.41064814814814815 0.03229166666666667 0.04537037037037037
7 0.5872395833333334 0.7717592592592593 0.028645833333333332 0.058333333333333334
7 0.14270833333333333 0.7444444444444445 0.046875 0.053703703703703705
7 0.55078125 0.7268518518518519 0.0265625 0.05555555555555555
7 0.8083333333333333 0.6189814814814815 0.04479166666666667 0.049074074074074076
7 0.9111979166666667 0.5925925925925926 0.0453125 0.05555555555555555
7 0.14713541666666666 0.9097222222222222 0.03802083333333333 0.04351851851851852
7 0.68984375 0.06620370370370371 0.024479166666666666 0.06574074074074074
7 0.21458333333333332 0.8027777777777778 0.042708333333333334 0.05925925925925926
7 0.6078125 0.7407407407407407 0.023958333333333335 0.06111111111111111
7 0.8682291666666667 0.5689814814814815 0.04479166666666667 0.03981481481481482
7 0.05677083333333333 0.2013888888888889 0.03125 0.06944444444444445
7 0.96484375 0.7833333333333333 0.0546875 0.06851851851851852
7 0.9463541666666667 0.5907407407407408 0.04375 0.044444444444444446
7 0.10208333333333333 0.2050925925925926 0.040625 0.06944444444444445
7 0.32447916666666665 0.46805555555555556 0.03229166666666667 0.04537037037037037
7 0.8440104166666667 0.937037037037037 0.03697916666666667 0.06851851851851852