7 0.421875 0.9430555555555555 0.03854166666666667 0.09537037037037037
7 0.14401041666666667 0.7810185185185186 0.04635416666666667 0.075
7 0.24270833333333333 0.09907407407407408 0.03958333333333333 0.08518518518518518
7 0.4078125 0.2101851851851852 0.022916666666666665 0.06296296296296296
7 0.7747395833333334 0.3768518518518518 0.04010416666666667 0.04259259259259259
7 0.30130208333333336 0.08055555555555556 0.03697916666666667 0.09259259259259259
7 0.34401041666666665 0.08009259259259259 0.03177083333333333 0.08425925925925926
7 0.19192708333333333 0.9268518518518518 0.0421875 0.08333333333333333
7 0.17994791666666668 0.5458333333333333 0.04739583333333333 0.06759259259259259
7 0.9421875 0.7078703703703704 0.07291666666666667 0.08611111111111111
7 0.8046875 0.9254629629629629 0.07708333333333334 0.09351851851851851
7 0.8247395833333333 0.7472222222222222 0.04635416666666667 0.06666666666666667
7 0.040364583333333336 0.08009259259259259 0.05260416666666667 0.0787037037037037
7 0.91171875 0.9347222222222222 0.06614583333333333 0.10462962962962963
7 0.8604166666666667 0.725 0.04895833333333333 0.05555555555555555
7 0.10286458333333333 0.5847222222222223 0.0453125 0.03611111111111111
7 0.7083333333333334 0.1875 0.03229166666666667 0.07685185185185185
7 0.9138020833333333 0.8564814814814815 0.0734375 0.06851851851851852
7 0.13203125 0.6064814814814815 0.0453125 0.044444444444444446
7 0.58515625 0.6768518518518518 0.028645833333333332 0.053703703703703705
7 0.76484375 0.26851851851851855 0.0359375 0.05
7 0.2484375 0.5231481481481481 0.022916666666666665 0.06481481481481481
7 0.6861979166666666 0.1865740740740741 0.027604166666666666 0.05462962962962963
7 0.08046875 0.37592592592592594 0.05572916666666667 0.06851851851851852
7 0.0328125 0.36712962962962964 0.04375 0.058333333333333334
7 0.6075520833333333 0.6527777777777778 0.024479166666666666 0.044444444444444446
7 0.33359375 0.6583333333333333 0.03177083333333333 0.06666666666666667
7 0.8815104166666666 0.6759259259259259 0.049479166666666664 0.07037037037037037
7 0.8 0.2833333333333333 0.040625 0.08148148148148149
7 0.55546875 0.6467592592592593 0.03125 0.06759259259259259
7 0.2791666666666667 0.5314814814814814 0.033854166666666664 0.07592592592592592