7 0.3450520833333333 0.225 0.034895833333333334 0.07592592592592592
7 0.9752604166666666 0.14166666666666666 0.04114583333333333 0.09074074074074075
7 0.05677083333333333 0.6101851851851852 0.075 0.06111111111111111
7 0.27317708333333335 0.07916666666666666 0.0359375 0.08796296296296297
7 0.24348958333333334 0.08148148148148149 0.034895833333333334 0.08518518518518518
7 0.22604166666666667 0.4324074074074074 0.03958333333333333 0.04814814814814815
7 0.084375 0.5111111111111111 0.05416666666666667 0.044444444444444446
7 0.2140625 0.9643518518518519 0.040625 0.06759259259259259
7 0.8567708333333334 0.6041666666666666 0.040625 0.06759259259259259
7 0.20520833333333333 0.5819444444444445 0.03854166666666667 0.06574074074074074
7 0.22786458333333334 0.8421296296296297 0.04114583333333333 0.08055555555555556
7 0.8825520833333333 0.24537037037037038 0.044270833333333336 0.05740740740740741
7 0.31640625 0.6328703703703704 0.03177083333333333 0.06944444444444445
7 0.8559895833333333 0.2273148148148148 0.04114583333333333 0.06018518518518518
7 0.240625 0.6620370370370371 0.04479166666666667 0.13703703703703704
7 0.16614583333333333 0.7671296296296296 0.052083333333333336 0.0824074074074074
7 0.06927083333333334 0.9356481481481481 0.06145833333333333 0.09351851851851851
7 0.828125 0.19953703703703704 0.04375 0.075
7 0.071875 0.8078703703703703 0.071875 0.08981481481481482
7 0.34921875 0.6513888888888889 0.030729166666666665 0.04351851851851852
7 0.012760416666666666 0.5986111111111111 0.025520833333333333 0.06574074074074074
7 0.20963541666666666 0.7657407407407407 0.04010416666666667 0.06851851851851852
7 0.5802083333333333 0.9583333333333334 0.028125 0.08148148148148149
7 0.6872395833333333 0.3787037037037037 0.025520833333333333 0.03888888888888889
7 0.840625 0.9680555555555556 0.04479166666666667 0.06018518518518518
7 0.8854166666666666 0.3990740740740741 0.040625 0.05555555555555555
7 0.08489583333333334 0.8143518518518519 0.04479166666666667 0.06388888888888888
7 0.746875 0.24722222222222223 0.04583333333333333 0.05
7 0.44036458333333334 0.6611111111111111 0.022395833333333334 0.04814814814814815
7 0.7901041666666667 0.4740740740740741 0.042708333333333334 0.05
7 0.24192708333333332 0.6277777777777778 0.04114583333333333 0.06666666666666667
7 0.7690104166666667 0.28379629629629627 0.03802083333333333 0.07314814814814814
7 0.7981770833333334 0.24212962962962964 0.0453125 0.06759259259259259
7 0.9447916666666667 0.14027777777777778 0.0421875 0.08611111111111111
7 0.6619791666666667 0.3958333333333333 0.03854166666666667 0.07592592592592592