7 0.884375 0.8708333333333333 0.046875 0.062037037037037036
7 0.6497395833333334 0.18888888888888888 0.024479166666666666 0.06666666666666667
7 0.25494791666666666 0.30324074074074076 0.06927083333333334 0.075
7 0.8489583333333334 0.9555555555555556 0.058333333333333334 0.06388888888888888
7 0.07578125 0.7550925925925925 0.05677083333333333 0.07685185185185185
7 0.03802083333333333 0.07083333333333333 0.052083333333333336 0.07685185185185185
7 0.61015625 0.8324074074074074 0.025520833333333333 0.05185185185185185
7 0.8135416666666667 0.04027777777777778 0.04375 0.08055555555555556
7 0.025520833333333333 0.6884259259259259 0.051041666666666666 0.06388888888888888
7 0.21015625 0.8324074074074074 0.0453125 0.08981481481481482
7 0.7799479166666666 0.03935185185185185 0.033854166666666664 0.0787037037037037
7 0.625 0.20185185185185187 0.029166666666666667 0.08148148148148149
7 0.7471354166666667 0.18333333333333332 0.0390625 0.05925925925925926
7 0.5809895833333333 0.8842592592592593 0.028645833333333332 0.04814814814814815
7 0.8026041666666667 0.1398148148148148 0.04583333333333333 0.05740740740740741
7 0.15104166666666666 0.787962962962963 0.04791666666666667 0.06481481481481481
7 0.94140625 0.6416666666666667 0.06822916666666666 0.07962962962962963
7 0.559375 0.8291666666666667 0.03958333333333333 0.0712962962962963
7 0.21822916666666667 0.6787037037037037 0.03958333333333333 0.053703703703703705
7 0.2390625 0.29953703703703705 0.0375 0.06759259259259259
7 0.06770833333333333 0.046296296296296294 0.035416666666666666 0.07777777777777778
7 0.9125 0.4824074074074074 0.04375 0.05
7 0.8515625 0.45092592592592595 0.04479166666666667 0.05185185185185185
7 0.41692708333333334 0.4388888888888889 0.024479166666666666 0.040740740740740744
7 0.11979166666666667 0.862037037037037 0.042708333333333334 0.07407407407407407
7 0.8833333333333333 0.48703703703703705 0.03958333333333333 0.05555555555555555
7 0.15833333333333333 0.8865740740740741 0.026041666666666668 0.04537037037037037
7 0.2716145833333333 0.30694444444444446 0.0359375 0.06759259259259259
7 0.8270833333333333 0.47638888888888886 0.040625 0.049074074074074076
7 0.36015625 0.36157407407407405 0.030729166666666665 0.04537037037037037
7 0.80625 0.49722222222222223 0.04895833333333333 0.07407407407407407
7 0.18541666666666667 0.7782407407407408 0.04583333333333333 0.075
7 0.3390625 0.3388888888888889 0.03125 0.05185185185185185
7 0.10703125 0.05694444444444444 0.04635416666666667 0.09722222222222222