7 0.9455729166666667 0.2 0.05260416666666667 0.07962962962962963
7 0.44557291666666665 0.712037037037037 0.0234375 0.06481481481481481
7 0.3484375 0.2953703703703704 0.03333333333333333 0.06296296296296296
7 0.23203125 0.3625 0.04114583333333333 0.0712962962962963
7 0.09348958333333333 0.6375 0.06145833333333333 0.05555555555555555
7 0.16302083333333334 0.7060185185185185 0.05 0.07685185185185185
7 0.7848958333333333 0.34074074074074073 0.042708333333333334 0.04814814814814815
7 0.68046875 0.43472222222222223 0.050520833333333334 0.06944444444444445
7 0.071875 0.861574074074074 0.065625 0.09537037037037037
7 0.7575520833333333 0.3199074074074074 0.043229166666666666 0.05092592592592592
7 0.28463541666666664 0.9541666666666667 0.04114583333333333 0.075
7 0.85078125 0.1736111111111111 0.04114583333333333 0.08611111111111111
7 0.21979166666666666 0.7814814814814814 0.052083333333333336 0.06481481481481481
7 0.20364583333333333 0.8962962962962963 0.04479166666666667 0.09074074074074075
7 0.0734375 0.7518518518518519 0.07291666666666667 0.06481481481481481
7 0.2109375 0.5342592592592592 0.03958333333333333 0.05185185185185185
7 0.7703125 0.18796296296296297 0.042708333333333334 0.07407407407407407
7 0.8723958333333334 0.18472222222222223 0.04791666666666667 0.07685185185185185
7 0.31354166666666666 0.7064814814814815 0.034375 0.05925925925925926
7 0.08567708333333333 0.44583333333333336 0.05364583333333333 0.049074074074074076
7 0.0359375 0.5425925925925926 0.071875 0.06296296296296296
7 0.21614583333333334 0.7083333333333334 0.04479166666666667 0.06111111111111111
7 0.8065104166666667 0.5481481481481482 0.049479166666666664 0.06296296296296296
7 0.8130208333333333 0.17824074074074073 0.04583333333333333 0.05648148148148148
7 0.8828125 0.34629629629629627 0.030208333333333334 0.04814814814814815
7 0.33984375 0.7185185185185186 0.03177083333333333 0.07407407407407407
7 0.8403645833333333 0.9685185185185186 0.0453125 0.05925925925925926
7 0.9755208333333333 0.21157407407407408 0.041666666666666664 0.03611111111111111
7 0.8151041666666666 0.1259259259259259 0.040625 0.05
7 0.24453125 0.5824074074074074 0.03697916666666667 0.07592592592592592
7 0.8541666666666666 0.5486111111111112 0.036458333333333336 0.06018518518518518