7 0.02421875 0.5949074074074074 0.0484375 0.06944444444444445
7 0.7973958333333333 0.20694444444444443 0.040625 0.07685185185185185
7 0.84453125 0.9365740740740741 0.041666666666666664 0.09537037037037037
7 0.41302083333333334 0.37453703703703706 0.022916666666666665 0.06018518518518518
7 0.6401041666666667 0.13935185185185187 0.027083333333333334 0.0824074074074074
7 0.8138020833333334 0.09907407407407408 0.04010416666666667 0.08703703703703704
7 0.27239583333333334 0.35555555555555557 0.034375 0.05555555555555555
7 0.20755208333333333 0.9023148148148148 0.0453125 0.09166666666666666
7 0.36692708333333335 0.28703703703703703 0.0328125 0.07222222222222222
7 0.15885416666666666 0.7379629629629629 0.04583333333333333 0.05185185185185185
7 0.8890625 0.9337962962962963 0.04791666666666667 0.08981481481481482
7 0.32005208333333335 0.3912037037037037 0.033854166666666664 0.07314814814814814
7 0.7453125 0.1162037037037037 0.036458333333333336 0.0824074074074074
7 0.21666666666666667 0.737037037037037 0.040625 0.07037037037037037
7 0.15807291666666667 0.9495370370370371 0.04635416666666667 0.08981481481481482
7 0.6125 0.1537037037037037 0.028125 0.07777777777777778
7 0.78125 0.08657407407407407 0.03229166666666667 0.0712962962962963
7 0.05963541666666667 0.12731481481481483 0.03177083333333333 0.0824074074074074
7 0.8559895833333333 0.49953703703703706 0.0453125 0.05277777777777778
7 0.8057291666666667 0.549074074074074 0.04583333333333333 0.05555555555555555
7 0.5536458333333333 0.7620370370370371 0.029166666666666667 0.06481481481481481
7 0.18072916666666666 0.8305555555555556 0.0421875 0.07777777777777778
7 0.34140625 0.27870370370370373 0.0328125 0.07407407407407407
7 0.584375 0.8157407407407408 0.029166666666666667 0.07222222222222222
7 0.8369791666666667 0.5310185185185186 0.0375 0.06574074074074074
7 0.23489583333333333 0.35138888888888886 0.023958333333333335 0.04351851851851852
7 0.8963541666666667 0.538425925925926 0.04583333333333333 0.04351851851851852
7 0.071875 0.8263888888888888 0.05520833333333333 0.06944444444444445
7 0.03958333333333333 0.07314814814814814 0.051041666666666666 0.08703703703703704
7 0.109375 0.8013888888888889 0.04895833333333333 0.058333333333333334
7 0.6057291666666667 0.7856481481481481 0.025 0.06388888888888888
7 0.14192708333333334 0.8208333333333333 0.0390625 0.058333333333333334
7 0.9291666666666667 0.5583333333333333 0.0421875 0.06574074074074074
7 0.9536458333333333 0.6981481481481482 0.046875 0.08888888888888889
7 0.10182291666666667 0.12777777777777777 0.05364583333333333 0.08333333333333333