7 0.26484375 0.4759259259259259 0.06197916666666667 0.06111111111111111
7 0.640625 0.030555555555555555 0.030208333333333334 0.06111111111111111
7 0.14713541666666666 0.8462962962962963 0.044270833333333336 0.05925925925925926
7 0.7174479166666666 0.10462962962962963 0.034895833333333334 0.06481481481481481
7 0.31979166666666664 0.14074074074074075 0.035416666666666666 0.07592592592592592
7 0.35442708333333334 0.14675925925925926 0.034895833333333334 0.07685185185185185
7 0.17604166666666668 0.6157407407407407 0.04375 0.05
7 0.0484375 0.2912037037037037 0.035416666666666666 0.08611111111111111
7 0.06432291666666666 0.9453703703703704 0.0578125 0.08888888888888889
7 0.7721354166666666 0.21388888888888888 0.03802083333333333 0.07037037037037037
7 0.93828125 0.6453703703703704 0.08177083333333333 0.06666666666666667
7 0.32135416666666666 0.5462962962962963 0.04375 0.11481481481481481
7 0.8106770833333333 0.9259259259259259 0.07760416666666667 0.1037037037037037
7 0.6671875 0.12731481481481483 0.03958333333333333 0.07685185185185185
7 0.91328125 0.9462962962962963 0.059895833333333336 0.10555555555555556
7 0.8026041666666667 0.21574074074074073 0.046875 0.07037037037037037
7 0.4083333333333333 0.26296296296296295 0.025 0.05
7 0.20963541666666666 0.8643518518518518 0.044270833333333336 0.07314814814814814
7 0.8184895833333333 0.6768518518518518 0.0421875 0.07592592592592592
7 0.5528645833333333 0.6907407407407408 0.0265625 0.05
7 0.8505208333333333 0.6652777777777777 0.04583333333333333 0.05462962962962963
7 0.04244791666666667 0.0763888888888889 0.0515625 0.07685185185185185
7 0.10546875 0.6458333333333334 0.0515625 0.06018518518518518
7 0.7877604166666666 0.3236111111111111 0.03802083333333333 0.06944444444444445
7 0.6908854166666667 0.12453703703703704 0.025520833333333333 0.05092592592592592
7 0.5979166666666667 0.04259259259259259 0.030208333333333334 0.08333333333333333
7 0.6114583333333333 0.700462962962963 0.026041666666666668 0.04537037037037037
7 0.5903645833333333 0.7245370370370371 0.0296875 0.05277777777777778
7 0.9510416666666667 0.8731481481481481 0.075 0.0962962962962963
7 0.13645833333333332 0.6754629629629629 0.053125 0.03611111111111111
7 0.92734375 0.8074074074074075 0.07239583333333334 0.08333333333333333
7 0.1703125 0.9462962962962963 0.04583333333333333 0.08333333333333333
7 0.8708333333333333 0.6231481481481481 0.04791666666666667 0.06111111111111111
7 0.09114583333333333 0.29305555555555557 0.052083333333333336 0.08981481481481482