7 0.34088541666666666 0.13287037037037036 0.03177083333333333 0.0712962962962963
7 0.23411458333333332 0.7046296296296296 0.0484375 0.1259259259259259
7 0.953125 0.07361111111111111 0.078125 0.08796296296296297
7 0.5783854166666667 0.9458333333333333 0.028645833333333332 0.10648148148148148
7 0.08515625 0.5699074074074074 0.0546875 0.06944444444444445
7 0.7744791666666667 0.412962962962963 0.03854166666666667 0.06851851851851852
7 0.14375 0.9527777777777777 0.04479166666666667 0.09259259259259259
7 0.6153645833333333 0.9587962962962963 0.0296875 0.08055555555555556
7 0.0203125 0.6032407407407407 0.040625 0.062037037037037036
7 0.20182291666666666 0.6328703703703704 0.0421875 0.062037037037037036
7 0.43072916666666666 0.6078703703703704 0.022916666666666665 0.05092592592592592
7 0.76484375 0.20462962962962963 0.03697916666666667 0.07222222222222222
7 0.7403645833333333 0.18287037037037038 0.044270833333333336 0.06018518518518518
7 0.18151041666666667 0.8375 0.05364583333333333 0.06574074074074074
7 0.8619791666666666 0.675 0.04375 0.040740740740740744
7 0.6799479166666667 0.3347222222222222 0.025520833333333333 0.05277777777777778
7 0.8583333333333333 0.2972222222222222 0.04375 0.06851851851851852
7 0.79609375 0.3074074074074074 0.0453125 0.07407407407407407
7 0.21796875 0.4935185185185185 0.0390625 0.06851851851851852
7 0.32005208333333335 0.5555555555555556 0.03177083333333333 0.03888888888888889
7 0.8869791666666667 0.3023148148148148 0.046875 0.04537037037037037
7 0.8354166666666667 0.2518518518518518 0.041666666666666664 0.04814814814814815
7 0.26953125 0.13287037037037036 0.033854166666666664 0.075
7 0.3533854166666667 0.5708333333333333 0.03177083333333333 0.0712962962962963
7 0.08463541666666667 0.8731481481481481 0.04739583333333333 0.06666666666666667
7 0.023697916666666666 0.11574074074074074 0.04739583333333333 0.06111111111111111
7 0.24140625 0.12222222222222222 0.022395833333333334 0.044444444444444446
7 0.24114583333333334 0.9324074074074075 0.04375 0.13148148148148148
7 0.88671875 0.4648148148148148 0.06510416666666667 0.08703703703703704
7 0.6526041666666667 0.3439814814814815 0.030208333333333334 0.062037037037037036
7 0.8140625 0.28564814814814815 0.036458333333333336 0.04722222222222222
7 0.8401041666666667 0.9689814814814814 0.04479166666666667 0.058333333333333334
7 0.2125 0.8342592592592593 0.046875 0.06851851851851852
7 0.06276041666666667 0.8949074074074074 0.05260416666666667 0.05462962962962963