7 0.21510416666666668 0.6143518518518518 0.04375 0.062037037037037036
7 0.5651041666666666 0.8537037037037037 0.029166666666666667 0.05925925925925926
7 0.9223958333333333 0.5638888888888889 0.06041666666666667 0.05925925925925926
7 0.7502604166666667 0.2638888888888889 0.0390625 0.07037037037037037
7 0.4239583333333333 0.4976851851851852 0.022916666666666665 0.06018518518518518
7 0.14375 0.8430555555555556 0.04479166666666667 0.06944444444444445
7 0.07552083333333333 0.6976851851851852 0.05416666666666667 0.058333333333333334
7 0.026822916666666665 0.7773148148148148 0.05364583333333333 0.06388888888888888
7 0.8377604166666667 0.9662037037037037 0.06197916666666667 0.05277777777777778
7 0.61171875 0.8740740740740741 0.025520833333333333 0.06481481481481481
7 0.20208333333333334 0.9532407407407407 0.04791666666666667 0.08055555555555556
7 0.7619791666666667 0.05740740740740741 0.03854166666666667 0.08703703703703704
7 0.1890625 0.7296296296296296 0.040625 0.06666666666666667
7 0.21458333333333332 0.8083333333333333 0.04375 0.13333333333333333
7 0.03619791666666667 0.06759259259259259 0.0546875 0.06666666666666667
7 0.7346354166666667 0.03888888888888889 0.0421875 0.07592592592592592
7 0.8453125 0.3763888888888889 0.040625 0.04722222222222222
7 0.2713541666666667 0.2462962962962963 0.03333333333333333 0.06666666666666667
7 0.7994791666666666 0.08796296296296297 0.03854166666666667 0.07222222222222222
7 0.8770833333333333 0.4217592592592593 0.04895833333333333 0.06018518518518518
7 0.24114583333333334 0.23842592592592593 0.03333333333333333 0.06018518518518518
7 0.6447916666666667 0.24212962962962964 0.053125 0.06574074074074074
7 0.1515625 0.9578703703703704 0.04583333333333333 0.0824074074074074
7 0.12473958333333333 0.950925925925926 0.0515625 0.09259259259259259
7 0.80546875 0.4305555555555556 0.0484375 0.03888888888888889
7 0.3307291666666667 0.4046296296296296 0.03229166666666667 0.037037037037037035
7 0.8807291666666667 0.8013888888888889 0.042708333333333334 0.06759259259259259
7 0.9098958333333333 0.43472222222222223 0.036458333333333336 0.06944444444444445
7 0.5744791666666667 0.9287037037037037 0.0328125 0.05555555555555555