7 0.7846354166666667 0.22685185185185186 0.028645833333333332 0.06481481481481481
7 0.9739583333333334 0.0712962962962963 0.051041666666666666 0.09814814814814815
7 0.0375 0.8453703703703703 0.059375 0.08703703703703704
7 0.27578125 0.7245370370370371 0.03802083333333333 0.08055555555555556
7 0.6880208333333333 0.8898148148148148 0.033854166666666664 0.10648148148148148
7 0.7158854166666667 0.8935185185185185 0.025520833333333333 0.10185185185185185
7 0.9322916666666666 0.13287037037037036 0.03333333333333333 0.10833333333333334
7 0.18515625 0.18009259259259258 0.0515625 0.06759259259259259
7 0.13541666666666666 0.1685185185185185 0.053125 0.09074074074074075
7 0.23828125 0.04583333333333333 0.03697916666666667 0.08611111111111111
7 0.2140625 0.4351851851851852 0.0375 0.05740740740740741
7 0.93359375 0.3939814814814815 0.0546875 0.0712962962962963
7 0.8359375 0.9629629629629629 0.052083333333333336 0.06481481481481481
7 0.1546875 0.3435185185185185 0.04791666666666667 0.046296296296296294
7 0.3703125 0.3087962962962963 0.03333333333333333 0.0824074074074074
7 0.2328125 0.287962962962963 0.040625 0.053703703703703705
7 0.04088541666666667 0.5504629629629629 0.06197916666666667 0.06944444444444445
7 0.28567708333333336 0.43194444444444446 0.034895833333333334 0.05648148148148148
7 0.32838541666666665 0.40046296296296297 0.03697916666666667 0.05462962962962963
7 0.6583333333333333 0.41805555555555557 0.03229166666666667 0.06944444444444445
7 0.9494791666666667 0.8851851851851852 0.053125 0.08518518518518518
7 0.029166666666666667 0.30324074074074076 0.058333333333333334 0.049074074074074076
7 0.29791666666666666 0.04722222222222222 0.03229166666666667 0.08148148148148149
7 0.9067708333333333 0.9009259259259259 0.042708333333333334 0.08888888888888889
7 0.08203125 0.31574074074074077 0.05364583333333333 0.046296296296296294
7 0.05807291666666667 0.34120370370370373 0.0546875 0.058333333333333334
7 0.8966145833333333 0.13194444444444445 0.05364583333333333 0.12777777777777777
7 0.7505208333333333 0.22824074074074074 0.042708333333333334 0.08055555555555556