7 0.6486979166666667 0.2587962962962963 0.0328125 0.08055555555555556
7 0.3567708333333333 0.9407407407407408 0.046875 0.07592592592592592
7 0.7958333333333333 0.060648148148148145 0.036458333333333336 0.09351851851851851
7 0.11171875 0.0837962962962963 0.05572916666666667 0.07685185185185185
7 0.36328125 0.8291666666666667 0.034895833333333334 0.08055555555555556
7 0.74453125 0.08981481481481482 0.0328125 0.06851851851851852
7 0.9369791666666667 0.25833333333333336 0.051041666666666666 0.07962962962962963
7 0.14713541666666666 0.26064814814814813 0.04635416666666667 0.06944444444444445
7 0.047135416666666666 0.6944444444444444 0.0640625 0.05925925925925926
7 0.715625 0.08657407407407407 0.042708333333333334 0.075
7 0.83515625 0.9671296296296297 0.050520833333333334 0.06388888888888888
7 0.29010416666666666 0.37777777777777777 0.051041666666666666 0.07407407407407407
7 0.24609375 0.1550925925925926 0.04010416666666667 0.075
7 0.037760416666666664 0.4310185185185185 0.0609375 0.06574074074074074
7 0.19296875 0.3111111111111111 0.0453125 0.06481481481481481
7 0.9596354166666666 0.38101851851851853 0.0484375 0.06574074074074074
7 0.22526041666666666 0.5212962962962963 0.04010416666666667 0.05
7 0.6875 0.8013888888888889 0.034375 0.0712962962962963
7 0.9875 0.6444444444444445 0.022916666666666665 0.040740740740740744
7 0.15755208333333334 0.4699074074074074 0.0453125 0.05462962962962963
7 0.9700520833333334 0.4361111111111111 0.0578125 0.07222222222222222
7 0.3171875 0.5898148148148148 0.08020833333333334 0.07222222222222222
7 0.23697916666666666 0.42268518518518516 0.03854166666666667 0.06388888888888888
7 0.2942708333333333 0.6 0.034375 0.04814814814814815
7 0.049479166666666664 0.36435185185185187 0.051041666666666666 0.04722222222222222
7 0.9263020833333333 0.7638888888888888 0.05572916666666667 0.05555555555555555
7 0.33958333333333335 0.5796296296296296 0.035416666666666666 0.04814814814814815
7 0.7145833333333333 0.8078703703703703 0.029166666666666667 0.05648148148148148
7 0.31276041666666665 0.5796296296296296 0.0265625 0.044444444444444446
7 0.07369791666666667 0.3453703703703704 0.03697916666666667 0.06296296296296296
7 0.30026041666666664 0.17407407407407408 0.03177083333333333 0.07962962962962963