7 0.7028645833333333 0.5939814814814814 0.03177083333333333 0.05277777777777778
7 0.45078125 0.8847222222222222 0.0234375 0.075
7 0.8208333333333333 0.3453703703703704 0.042708333333333334 0.053703703703703705
7 0.67734375 0.6050925925925926 0.034895833333333334 0.07314814814814814
7 0.9583333333333334 0.4199074074074074 0.07395833333333333 0.08425925925925926
7 0.16588541666666667 0.8018518518518518 0.0515625 0.06481481481481481
7 0.7453125 0.02638888888888889 0.030208333333333334 0.05277777777777778
7 0.35859375 0.5435185185185185 0.030729166666666665 0.046296296296296294
7 0.18020833333333333 0.7083333333333334 0.04583333333333333 0.06851851851851852
7 0.15 0.5185185185185185 0.051041666666666666 0.05925925925925926
7 0.15104166666666666 0.4412037037037037 0.06458333333333334 0.0712962962962963
7 0.8377604166666667 0.9736111111111111 0.05260416666666667 0.05092592592592592
7 0.9653645833333333 0.07314814814814814 0.0328125 0.05740740740740741
7 0.3 0.9324074074074075 0.036458333333333336 0.08333333333333333
7 0.08489583333333334 0.26342592592592595 0.04895833333333333 0.049074074074074076
7 0.22760416666666666 0.37222222222222223 0.03958333333333333 0.05740740740740741
7 0.315625 0.9476851851851852 0.027083333333333334 0.06574074074074074
7 0.05911458333333333 0.5578703703703703 0.029166666666666667 0.06666666666666667
7 0.85078125 0.5393518518518519 0.0421875 0.05092592592592592
7 0.87109375 0.14305555555555555 0.0359375 0.05277777777777778
7 0.23046875 0.5953703703703703 0.044270833333333336 0.07592592592592592
7 0.06692708333333333 0.6708333333333333 0.06302083333333333 0.062037037037037036
7 0.8174479166666667 0.524537037037037 0.04635416666666667 0.04351851851851852
7 0.33984375 0.9472222222222222 0.0296875 0.05925925925925926
7 0.24322916666666666 0.1398148148148148 0.0375 0.06851851851851852
7 0.8752604166666667 0.7472222222222222 0.04739583333333333 0.05185185185185185
7 0.2669270833333333 0.4115740740740741 0.03697916666666667 0.0712962962962963
7 0.19817708333333334 0.5879629629629629 0.044270833333333336 0.06296296296296296
7 0.09505208333333333 0.5578703703703703 0.051041666666666666 0.07592592592592592
7 0.2265625 0.7513888888888889 0.03697916666666667 0.05925925925925926