7 0.35651041666666666 0.45925925925925926 0.0328125 0.07592592592592592
7 0.9768229166666667 0.3458333333333333 0.030729166666666665 0.075
7 0.6890625 0.549537037037037 0.05520833333333333 0.06574074074074074
7 0.24036458333333333 0.22083333333333333 0.04010416666666667 0.06944444444444445
7 0.44817708333333334 0.8337962962962963 0.022395833333333334 0.05648148148148148
7 0.7591145833333334 0.06944444444444445 0.03802083333333333 0.08518518518518518
7 0.8315104166666667 0.45740740740740743 0.0359375 0.07222222222222222
7 0.11354166666666667 0.4736111111111111 0.071875 0.062037037037037036
7 0.24401041666666667 0.8185185185185185 0.03802083333333333 0.06481481481481481
7 0.8541666666666666 0.6703703703703704 0.046875 0.06666666666666667
7 0.1546875 0.5791666666666667 0.04895833333333333 0.06944444444444445
7 0.8338541666666667 0.4078703703703704 0.04375 0.06388888888888888
7 0.18697916666666667 0.7791666666666667 0.04479166666666667 0.062037037037037036
7 0.08515625 0.325 0.05572916666666667 0.04814814814814815
7 0.07213541666666666 0.7347222222222223 0.0578125 0.06944444444444445
7 0.8395833333333333 0.9675925925925926 0.04583333333333333 0.06296296296296296
7 0.8697916666666666 0.20694444444444443 0.03958333333333333 0.049074074074074076
7 0.3234375 0.8671296296296296 0.034375 0.07685185185185185
7 0.22083333333333333 0.41805555555555557 0.03854166666666667 0.06574074074074074
7 0.79375 0.03935185185185185 0.03229166666666667 0.0787037037037037
7 0.05651041666666667 0.6194444444444445 0.030729166666666665 0.05185185185185185
7 0.13958333333333334 0.7467592592592592 0.057291666666666664 0.05648148148148148
7 0.834375 0.04027777777777778 0.042708333333333334 0.08055555555555556
7 0.3020833333333333 0.837037037037037 0.03125 0.08333333333333333
7 0.8421875 0.23981481481481481 0.03333333333333333 0.05
7 0.22682291666666668 0.6342592592592593 0.0390625 0.053703703703703705
7 0.9463541666666667 0.3458333333333333 0.057291666666666664 0.08981481481481482
7 0.7924479166666667 0.4583333333333333 0.05625 0.0962962962962963
7 0.25625 0.4722222222222222 0.040625 0.08425925925925926
7 0.20182291666666666 0.6708333333333333 0.03854166666666667 0.06759259259259259
7 0.09713541666666667 0.6208333333333333 0.05364583333333333 0.053703703703703705
7 0.8674479166666667 0.05138888888888889 0.03125 0.09722222222222222