7 0.9744791666666667 0.275 0.042708333333333334 0.08518518518518518
7 0.25026041666666665 0.5625 0.04010416666666667 0.13240740740740742
7 0.35234375 0.3824074074074074 0.030729166666666665 0.05555555555555555
7 0.21510416666666668 0.475 0.041666666666666664 0.044444444444444446
7 0.23359375 0.29212962962962963 0.04114583333333333 0.05277777777777778
7 0.19583333333333333 0.8342592592592593 0.04895833333333333 0.07777777777777778
7 0.44635416666666666 0.7708333333333334 0.022916666666666665 0.06944444444444445
7 0.08671875 0.38981481481481484 0.0546875 0.07037037037037037
7 0.07421875 0.7935185185185185 0.0640625 0.08333333333333333
7 0.06510416666666667 0.5115740740740741 0.06770833333333333 0.06018518518518518
7 0.80625 0.05740740740740741 0.03958333333333333 0.040740740740740744
7 0.8653645833333333 0.1111111111111111 0.044270833333333336 0.06481481481481481
7 0.8325520833333333 0.6157407407407407 0.044270833333333336 0.044444444444444446
7 0.15833333333333333 0.6481481481481481 0.04791666666666667 0.05740740740740741
7 0.8489583333333334 0.4736111111111111 0.03854166666666667 0.03796296296296296
7 0.22057291666666667 0.6662037037037037 0.043229166666666666 0.05277777777777778
7 0.209375 0.7203703703703703 0.04479166666666667 0.053703703703703705
7 0.3299479166666667 0.8041666666666667 0.030729166666666665 0.05277777777777778
7 0.796875 0.10648148148148148 0.026041666666666668 0.06296296296296296
7 0.87734375 0.2796296296296296 0.033854166666666664 0.05
7 0.8421875 0.09814814814814815 0.041666666666666664 0.06481481481481481
7 0.7630208333333334 0.12222222222222222 0.04375 0.05740740740740741
7 0.6971354166666667 0.4759259259259259 0.0265625 0.05555555555555555
7 0.8010416666666667 0.412962962962963 0.04375 0.06851851851851852
7 0.671875 0.4976851851851852 0.030208333333333334 0.05277777777777778
7 0.8377604166666667 0.9685185185185186 0.04114583333333333 0.06111111111111111
7 0.3098958333333333 0.7773148148148148 0.035416666666666666 0.05648148148148148
7 0.12213541666666666 0.687962962962963 0.05572916666666667 0.053703703703703705
7 0.27239583333333334 0.8726851851851852 0.021875 0.04537037037037037
7 0.77265625 0.38981481481481484 0.0484375 0.046296296296296294
7 0.053125 0.6986111111111111 0.03125 0.06481481481481481