5 0.2321875 0.19652908067542213 0.2075 0.21388367729831145
5 0.894375 0.19090056285178236 0.165625 0.16135084427767354
5 0.5171875 0.2950281425891182 0.2275 0.20075046904315197
5 0.8534375 0.33911819887429645 0.25625 0.19418386491557224
5 0.1778125 0.3681988742964353 0.221875 0.1894934333958724
5 0.965625 0.7354596622889306 0.0675 0.124765478424015
5 0.8453125 0.5661350844277674 0.281875 0.19418386491557224
5 0.1859375 0.547373358348968 0.34875 0.22326454033771106
5 0.528125 0.5534709193245778 0.319375 0.2129455909943715
5 0.25625 0.775797373358349 0.36375 0.21669793621013134
5 0.679375 0.7537523452157598 0.321875 0.19606003752345216