4 0.25712435233160624 0.6355363984674329 0.19430051813471502 0.045019157088122604
4 0.26360103626943004 0.600095785440613 0.18911917098445596 0.045019157088122604
4 0.2772020725388601 0.5651340996168582 0.18911917098445596 0.03639846743295019
4 0.2849740932642487 0.5316091954022989 0.1800518134715026 0.039272030651340994
4 0.2966321243523316 0.5023946360153256 0.18393782383419688 0.040229885057471264
4 0.3024611398963731 0.47270114942528735 0.17487046632124353 0.038314176245210725
4 0.3082901554404145 0.44157088122605365 0.16839378238341968 0.032567049808429116
4 0.3128238341968912 0.41139846743295017 0.17487046632124353 0.03639846743295019
4 0.33031088082901555 0.38936781609195403 0.16709844559585493 0.032567049808429116
4 0.3380829015544041 0.3625478927203065 0.16839378238341968 0.033524904214559385
4 0.22797927461139897 0.7126436781609196 0.211139896373057 0.05363984674329502
4 0.24093264248704663 0.6757662835249042 0.19430051813471502 0.033524904214559385
4 0.5252590673575129 0.29837164750957856 0.14766839378238342 0.03639846743295019
4 0.8497409326424871 0.30028735632183906 0.15284974093264247 0.03065134099616858
4 0.7933937823834197 0.42432950191570884 0.16580310880829016 0.022030651340996167
4 0.7933937823834197 0.39798850574712646 0.16839378238341968 0.031609195402298854
4 0.20466321243523317 0.7921455938697318 0.2189119170984456 0.045019157088122604
4 0.1878238341968912 0.8376436781609196 0.22538860103626943 0.05076628352490421
4 0.17746113989637305 0.882183908045977 0.2189119170984456 0.044061302681992334
4 0.1567357512953368 0.9315134099616859 0.21632124352331605 0.05268199233716475
4 0.14961139896373057 0.9779693486590039 0.22797927461139897 0.044061302681992334
4 0.7908031088082902 0.9870689655172413 0.22927461139896374 0.02586206896551724
4 0.7856217616580311 0.9501915708812261 0.22150259067357514 0.05363984674329502
4 0.7927461139896373 0.907088122605364 0.22279792746113988 0.04597701149425287
4 0.7946891191709845 0.8615900383141762 0.21632124352331605 0.0421455938697318
4 0.7914507772020726 0.8194444444444444 0.20466321243523317 0.0421455938697318
4 0.7765544041450777 0.7811302681992337 0.2033678756476684 0.039272030651340994
4 0.7817357512953368 0.7399425287356322 0.19818652849740934 0.0421455938697318
4 0.7908031088082902 0.7040229885057471 0.1955958549222798 0.038314176245210725
4 0.792098445595855 0.6657088122605364 0.19041450777202074 0.033524904214559385
4 0.7933937823834197 0.6312260536398467 0.1955958549222798 0.034482758620689655
4 0.8018134715025906 0.600095785440613 0.1800518134715026 0.034482758620689655
4 0.8089378238341969 0.5670498084291188 0.17357512953367876 0.034482758620689655
4 0.7953367875647669 0.5359195402298851 0.17487046632124353 0.031609195402298854
4 0.7914507772020726 0.5057471264367817 0.16580310880829016 0.028735632183908046
4 0.7862694300518135 0.4774904214559387 0.17357512953367876 0.02681992337164751
4 0.7914507772020726 0.44875478927203066 0.16191709844559585 0.02586206896551724
4 0.5705958549222798 0.04454022988505747 0.12435233160621761 0.02681992337164751
4 0.8458549222797928 0.1336206896551724 0.13471502590673576 0.029693486590038315
4 0.5252590673575129 0.2696360153256705 0.14507772020725387 0.02490421455938697
4 0.5284974093264249 0.24521072796934865 0.14507772020725387 0.022030651340996167
4 0.5382124352331606 0.2231800766283525 0.133419689119171 0.022030651340996167
4 0.538860103626943 0.20306513409961685 0.133419689119171 0.019157088122605363
4 0.5427461139896373 0.18199233716475097 0.1411917098445596 0.017241379310344827
4 0.8542746113989638 0.2710727969348659 0.14378238341968913 0.02490421455938697
4 0.8432642487046632 0.2064176245210728 0.13860103626943004 0.029693486590038315
4 0.8458549222797928 0.22653256704980843 0.13730569948186527 0.02490421455938697
4 0.8419689119170984 0.1685823754789272 0.13730569948186527 0.02490421455938697
4 0.836139896373057 0.044061302681992334 0.12176165803108809 0.022030651340996167
4 0.8432642487046632 0.05890804597701149 0.12176165803108809 0.017241379310344827
4 0.8432642487046632 0.11015325670498084 0.12953367875647667 0.023946360153256706
4 0.8419689119170984 0.07758620689655173 0.12694300518134716 0.023946360153256706
4 0.8503886010362695 0.24952107279693486 0.14378238341968913 0.022030651340996167
4 0.836139896373057 0.026340996168582376 0.11787564766839378 0.0210727969348659
4 0.8380829015544041 0.011015325670498084 0.12435233160621761 0.020114942528735632
4 0.572538860103627 0.02442528735632184 0.11528497409326424 0.018199233716475097
4 0.5751295336787565 0.009099616858237548 0.11787564766839378 0.017241379310344827
4 0.5628238341968912 0.07183908045977011 0.12953367875647667 0.022988505747126436
4 0.5433937823834197 0.16235632183908047 0.133419689119171 0.022988505747126436
4 0.5479274611398963 0.14415708812260536 0.13212435233160622 0.0210727969348659
4 0.5453367875647669 0.12595785440613028 0.12694300518134716 0.0210727969348659
4 0.5563471502590673 0.10775862068965517 0.12435233160621761 0.022988505747126436
4 0.5582901554404145 0.09051724137931035 0.12176165803108809 0.018199233716475097