5 0.4963002114164905 0.24719101123595505 0.015856236786469344 0.05805243445692884
5 0.5174418604651163 0.24906367041198502 0.015856236786469344 0.06179775280898876
5 0.6152219873150105 0.24719101123595505 0.015856236786469344 0.06554307116104868
5 0.7050739957716702 0.250936329588015 0.03171247357293869 0.06554307116104868
5 0.4376321353065539 0.150749063670412 0.03488372093023256 0.031835205992509365
5 0.2568710359408034 0.5121722846441947 0.02536997885835095 0.056179775280898875
5 0.3361522198731501 0.5187265917602997 0.03488372093023256 0.06179775280898876
5 0.3699788583509514 0.5159176029962547 0.02959830866807611 0.06179775280898876
5 0.3964059196617336 0.5168539325842697 0.02748414376321353 0.052434456928838954
5 0.42071881606765327 0.5243445692883895 0.02959830866807611 0.05805243445692884
5 0.4492600422832981 0.5205992509363296 0.02748414376321353 0.052434456928838954
5 0.47832980972515854 0.5224719101123596 0.02748414376321353 0.056179775280898875
5 0.5332980972515856 0.5224719101123596 0.02748414376321353 0.056179775280898875
4 0.2452431289640592 0.3838951310861423 0.08773784355179703 0.033707865168539325
4 0.3535940803382664 0.38202247191011235 0.08562367864693446 0.03745318352059925
4 0.4492600422832981 0.3792134831460674 0.08562367864693446 0.0449438202247191
4 0.5459830866807611 0.3801498127340824 0.08773784355179703 0.04119850187265917
4 0.13847780126849896 0.39419475655430714 0.08985200845665962 0.04119850187265917
4 0.033298097251585626 0.49157303370786515 0.06659619450317125 0.11797752808988764
5 0.20137420718816068 0.50187265917603 0.03171247357293869 0.056179775280898875
5 0.2822410147991543 0.5140449438202247 0.03276955602536998 0.06554307116104868
5 0.5623678646934461 0.5205992509363296 0.02748414376321353 0.05805243445692884
5 0.5909090909090909 0.5280898876404494 0.02959830866807611 0.052434456928838954
5 0.61892177589852 0.5308988764044944 0.03171247357293869 0.05805243445692884
5 0.5359408033826638 0.24906367041198502 0.017970401691331923 0.06179775280898876
5 0.5761099365750528 0.24531835205992508 0.015856236786469344 0.06179775280898876
5 0.638477801268499 0.24906367041198502 0.015856236786469344 0.06179775280898876
5 0.7145877378435518 0.250936329588015 0.015856236786469344 0.05805243445692884
5 0.4402748414376321 0.1104868913857678 0.03699788583509514 0.033707865168539325
5 0.43868921775898523 0.07677902621722846 0.03276955602536998 0.026217228464419477
5 0.4397463002114165 0.03838951310861423 0.03382663847780127 0.028089887640449437
5 0.8282241014799154 0.04119850187265917 0.023255813953488372 0.06179775280898876
5 0.8710359408033826 0.1900749063670412 0.039112050739957716 0.028089887640449437
5 0.8710359408033826 0.1451310861423221 0.04334038054968287 0.04119850187265917
5 0.861522198731501 0.44288389513108617 0.02748414376321353 0.06179775280898876
5 0.07346723044397463 0.8941947565543071 0.04439746300211417 0.052434456928838954
5 0.07822410147991543 0.9447565543071161 0.046511627906976744 0.04868913857677903