7 0.040419161676646706 0.3846450617283951 0.03592814371257485 0.10570987654320987
7 0.4755489021956088 0.2654320987654321 0.03842315369261477 0.11033950617283951
7 0.5414171656686627 0.24035493827160495 0.05289421157684631 0.11033950617283951
7 0.6060379241516967 0.2689043209876543 0.04291417165668663 0.0941358024691358
7 0.7053393213572854 0.13271604938271606 0.05289421157684631 0.11496913580246913
7 0.9211576846307385 0.21643518518518517 0.06387225548902195 0.0933641975308642
7 0.9253992015968064 0.15007716049382716 0.04590818363273453 0.08796296296296297
5 0.24126746506986027 0.6793981481481481 0.24001996007984033 0.17515432098765432
6 0.5616267465069861 0.4077932098765432 0.04491017964071856 0.14506172839506173
6 0.6317365269461078 0.41975308641975306 0.05289421157684631 0.15123456790123457
6 0.6709081836327345 0.4047067901234568 0.05688622754491018 0.1388888888888889
6 0.7215568862275449 0.40625 0.06437125748502993 0.15432098765432098
6 0.7694610778443114 0.3699845679012346 0.05089820359281437 0.19598765432098766
6 0.8817365269461078 0.3746141975308642 0.04491017964071856 0.15123456790123457
6 0.8350798403193613 0.39544753086419754 0.03343313373253493 0.1388888888888889
6 0.9463572854291418 0.39853395061728397 0.06037924151696607 0.15123456790123457
5 0.9219061876247505 0.9016203703703703 0.15219560878243513 0.17824074074074073