6 0.06531531531531531 0.2994269340974212 0.05655655655655656 0.46418338108882523
6 0.1463963963963964 0.22063037249283668 0.04704704704704705 0.3968481375358166
6 0.21871871871871873 0.251432664756447 0.043043043043043044 0.37965616045845274
6 0.29004004004004 0.23782234957020057 0.04504504504504504 0.3968481375358166
6 0.35835835835835833 0.29083094555873923 0.05655655655655656 0.40257879656160456
6 0.4266766766766767 0.25429799426934097 0.04104104104104104 0.40830945558739257
6 0.4824824824824825 0.24570200573065903 0.05055055055055055 0.39111747851002865
6 0.5575575575575575 0.27650429799426934 0.052552552552552555 0.40830945558739257
6 0.6884384384384384 0.6991404011461319 0.06456456456456457 0.40257879656160456
6 0.7772772772772772 0.24355300859598855 0.06256256256256257 0.44126074498567336
6 0.9384384384384384 0.5336676217765043 0.06456456456456457 0.47564469914040114