5 0.2637913741223671 0.8880880121396054 0.05065195586760281 0.18588770864946888
7 0.12462387161484453 0.584597875569044 0.020561685055165497 0.03338391502276176
7 0.14543630892678033 0.6005311077389985 0.020561685055165497 0.0409711684370258
7 0.1424272818455366 0.5648710166919575 0.019558676028084254 0.03110773899848255
7 0.36835506519558675 0.5830804248861912 0.023069207622868605 0.02959028831562974
7 0.4149949849548646 0.5584218512898331 0.023069207622868605 0.03793626707132018
5 0.8788866599799399 0.8732928679817906 0.07021063189568706 0.21547799696509864
7 0.8716148445336008 0.7150986342943855 0.02657973921765296 0.02959028831562974
7 0.03284854563691073 0.75 0.031093279839518557 0.03186646433990895
7 0.2296890672016048 0.6479514415781487 0.03159478435305918 0.03490136570561457
5 0.2382146439317954 0.5792867981790591 0.1288866599799398 0.082701062215478
5 0.19533600802407222 0.8774658573596358 0.06619859578736209 0.212443095599393
5 0.328234704112337 0.875948406676783 0.06268806419257773 0.21547799696509864
5 0.3994483450351053 0.8789833080424886 0.05265797392176529 0.19802731411229135
5 0.4618856569709127 0.8820182094081942 0.05265797392176529 0.22154779969650987
5 0.5313440320962889 0.8748103186646434 0.054663991975927785 0.19499241274658574
5 0.6005516549648947 0.8930197268588771 0.06469408224674023 0.21396054628224584
5 0.6727683049147443 0.9226100151745068 0.04864593781344032 0.15477996965098634
5 0.7469909729187563 0.8774658573596358 0.06469408224674023 0.2306525037936267
5 0.8134403209628887 0.8615326251896813 0.06469408224674023 0.18057663125948406
5 0.9423269809428285 0.8539453717754173 0.06820461384152457 0.18892261001517452
5 0.9824473420260782 0.8304248861911988 0.03510531594784353 0.17754172989377845
6 0.12988966900702106 0.8789833080424886 0.029087261785356068 0.07359635811836115
6 0.2665496489468405 0.7773141122913505 0.04864593781344032 0.02959028831562974
6 0.6562186559679037 0.8095599393019727 0.04312938816449348 0.05311077389984825
6 0.045887662988966904 0.9013657056145675 0.02156469408224674 0.082701062215478
6 0.6328986960882648 0.5614567526555387 0.015546639919759278 0.06525037936267071
6 0.7266800401203611 0.5349013657056145 0.027582748244734202 0.05918057663125948
6 0.7597793380140421 0.5421092564491654 0.015546639919759278 0.06828528072837632
6 0.8721163490471414 0.545144157814871 0.02156469408224674 0.0622154779969651
6 0.9170010030090271 0.5349013657056145 0.017552657973921765 0.07663125948406677