8 0.44780701754385965 0.5596590909090909 0.04649122807017544 0.6576704545454546
8 0.49122807017543857 0.5568181818181818 0.03508771929824561 0.6377840909090909
8 0.5627192982456141 0.5369318181818182 0.0456140350877193 0.7769886363636364
8 0.6105263157894737 0.5177556818181818 0.05087719298245614 0.7727272727272727
8 0.6666666666666666 0.5759943181818182 0.056140350877192984 0.7315340909090909
8 0.7346491228070176 0.5880681818181818 0.04649122807017544 0.7627840909090909
8 0.7991228070175439 0.6001420454545454 0.05 0.7542613636363636
8 0.8504385964912281 0.6455965909090909 0.03859649122807018 0.6946022727272727
8 0.3223684210526316 0.6008522727272727 0.07982456140350877 0.7357954545454546
8 0.27850877192982454 0.6036931818181818 0.07456140350877193 0.6818181818181818
8 0.23201754385964912 0.5994318181818182 0.11842105263157894 0.6931818181818182
8 0.17850877192982456 0.6051136363636364 0.09210526315789473 0.6875
8 0.14780701754385964 0.5795454545454546 0.08508771929824561 0.6363636363636364
8 0.10614035087719298 0.5830965909090909 0.08596491228070176 0.6150568181818182
8 0.075 0.5660511363636364 0.09736842105263158 0.6321022727272727
8 0.04517543859649123 0.5823863636363636 0.09035087719298246 0.7215909090909091
8 0.9083333333333333 0.6321022727272727 0.0780701754385965 0.7315340909090909
8 0.9587719298245614 0.6455965909090909 0.0824561403508772 0.703125