4 0.35689948892674617 0.13567073170731708 0.21805792163543442 0.10670731707317073
4 0.358603066439523 0.2629573170731707 0.22061328790459966 0.10670731707317073
4 0.6090289608177172 0.1326219512195122 0.217206132879046 0.0975609756097561
4 0.6103066439522998 0.2545731707317073 0.21805792163543442 0.0975609756097561
4 0.8432708688245315 0.25609756097560976 0.21465076660988075 0.09603658536585366
4 0.8539182282793867 0.12728658536585366 0.21976149914821125 0.10975609756097561
4 0.8526405451448041 0.375 0.217206132879046 0.09908536585365854
4 0.6205281090289608 0.37347560975609756 0.2231686541737649 0.09908536585365854
4 0.6486371379897785 0.4954268292682927 0.2223168654173765 0.09451219512195122
4 0.3718057921635434 0.48628048780487804 0.22146507666098808 0.10823170731707317
4 0.04812606473594549 0.14786585365853658 0.09625212947189098 0.1173780487804878
4 0.06303236797274275 0.26371951219512196 0.11754684838160136 0.09298780487804878
4 0.0762350936967632 0.38185975609756095 0.1465076660988075 0.09298780487804878
4 0.0817717206132879 0.48628048780487804 0.15332197614991483 0.09603658536585366
4 0.8918228279386712 0.49390243902439024 0.18228279386712096 0.10060975609756098