7 0.7567567567567568 0.6007751937984496 0.02079002079002079 0.07751937984496124
7 0.8108108108108109 0.5513565891472868 0.018711018711018712 0.07170542635658915
7 0.29573804573804574 0.6540697674418605 0.017671517671517672 0.06782945736434108
7 0.3523908523908524 0.7461240310077519 0.018711018711018712 0.07751937984496124
7 0.40592515592515593 0.937984496124031 0.01975051975051975 0.06976744186046512
5 0.3264033264033264 0.32073643410852715 0.04677754677754678 0.0872093023255814
5 0.3908523908523909 0.4806201550387597 0.0550935550935551 0.09496124031007752
5 0.4298336798336798 0.6094961240310077 0.04261954261954262 0.08333333333333333
5 0.4267151767151767 0.8410852713178295 0.06444906444906445 0.10271317829457365
5 0.4677754677754678 0.9583333333333334 0.060291060291060294 0.08333333333333333
4 0.48804573804573803 0.7141472868217055 0.10187110187110188 0.24806201550387597
4 0.577962577962578 0.689922480620155 0.10914760914760915 0.20736434108527133
5 0.9511434511434511 0.3953488372093023 0.04677754677754678 0.0755813953488372