5 0.29002079002079 0.24625468164794007 0.06860706860706861 0.07116104868913857
5 0.5743243243243243 0.16385767790262173 0.04261954261954262 0.1441947565543071
5 0.6101871101871101 0.3398876404494382 0.07276507276507277 0.0599250936329588
4 0.4589397089397089 0.4363295880149813 0.183991683991684 0.09925093632958802
5 0.5353430353430353 0.800561797752809 0.031185031185031187 0.13108614232209737
5 0.6756756756756757 0.8370786516853933 0.02702702702702703 0.10486891385767791
5 0.922037422037422 0.8183520599250936 0.031185031185031187 0.1441947565543071
5 0.17671517671517672 0.6685393258426966 0.04885654885654886 0.12734082397003746
5 0.07016632016632017 0.2846441947565543 0.062370062370062374 0.08426966292134831
5 0.08991683991683992 0.10018726591760299 0.062370062370062374 0.08801498127340825
5 0.011954261954261955 0.22565543071161048 0.02390852390852391 0.07116104868913857