6 0.3113087674714104 0.6123655913978494 0.0698856416772554 0.22795698924731184
6 0.07623888182973317 0.7048387096774194 0.0698856416772554 0.2591397849462366
6 0.2283989834815756 0.8526881720430107 0.05717916137229987 0.23870967741935484
6 0.43392630241423125 0.8440860215053764 0.060991105463786534 0.22688172043010751
6 0.5063532401524777 0.853225806451613 0.05844980940279543 0.22580645161290322
6 0.5628970775095299 0.85 0.04955527318932656 0.22365591397849463
6 0.6308767471410419 0.8354838709677419 0.055273189326556546 0.22473118279569892
6 0.6963151207115629 0.8596774193548387 0.04955527318932656 0.22580645161290322
6 0.7674714104193139 0.8505376344086022 0.05146124523506988 0.23118279569892472
6 0.8392630241423126 0.8736559139784946 0.056543837357052096 0.23225806451612904
6 0.9228081321473952 0.8231182795698925 0.06670902160101652 0.26021505376344084
6 0.613722998729352 0.12150537634408602 0.06925031766200762 0.23548387096774193
6 0.6813850063532402 0.11505376344086021 0.06353240152477764 0.23010752688172043
6 0.7458703939008895 0.11935483870967742 0.062261753494282084 0.23870967741935484
6 0.8303684879288437 0.11290322580645161 0.056543837357052096 0.22580645161290322
6 0.8770648030495553 0.110752688172043 0.04510800508259212 0.221505376344086
6 0.9536213468869124 0.11021505376344086 0.06607369758576874 0.22043010752688172