6 0.9546875 0.1703125 0.090625 0.115625
6 0.5572916666666666 0.17239583333333333 0.13020833333333334 0.12083333333333333
7 0.7270833333333333 0.2598958333333333 0.041666666666666664 0.10104166666666667
6 0.1265625 0.29583333333333334 0.13125 0.096875
6 0.9645833333333333 0.3859375 0.07083333333333333 0.09270833333333334
6 0.03229166666666667 0.4317708333333333 0.06458333333333334 0.08229166666666667
6 0.24479166666666666 0.5645833333333333 0.13020833333333334 0.09479166666666666
6 0.9041666666666667 0.058854166666666666 0.128125 0.090625
6 0.04375 0.6510416666666666 0.0875 0.09375
6 0.4635416666666667 0.7098958333333333 0.11875 0.090625
6 0.2359375 0.71875 0.121875 0.09375
6 0.7927083333333333 0.7822916666666667 0.13854166666666667 0.09375
6 0.04583333333333333 0.8463541666666666 0.09166666666666666 0.09895833333333333
7 0.5625 0.17395833333333333 0.058333333333333334 0.11875
7 0.11875 0.29635416666666664 0.05 0.084375
7 0.028645833333333332 0.42916666666666664 0.04479166666666667 0.06979166666666667
7 0.016666666666666666 0.6432291666666666 0.03333333333333333 0.07083333333333333
7 0.0515625 0.6442708333333333 0.028125 0.07291666666666667
7 0.019270833333333334 0.84375 0.03854166666666667 0.090625
7 0.058333333333333334 0.846875 0.03333333333333333 0.06666666666666667
7 0.2375 0.5645833333333333 0.04479166666666667 0.07083333333333333
7 0.22916666666666666 0.7171875 0.04895833333333333 0.08125
7 0.4609375 0.7078125 0.06041666666666667 0.08958333333333333
7 0.9020833333333333 0.051041666666666666 0.05 0.08020833333333334
7 0.9380208333333333 0.057291666666666664 0.03125 0.08958333333333333
7 0.9630208333333333 0.17083333333333334 0.042708333333333334 0.11041666666666666
7 0.7963541666666667 0.7791666666666667 0.06354166666666666 0.08541666666666667
7 0.98125 0.378125 0.0375 0.075