6 0.955 0.1708994708994709 0.09 0.11534391534391535
6 0.5573333333333333 0.1724867724867725 0.13066666666666665 0.12063492063492064
7 0.7273333333333334 0.2597883597883598 0.04133333333333333 0.10052910052910052
6 0.12666666666666668 0.2957671957671958 0.13066666666666665 0.0962962962962963
6 0.9646666666666667 0.38571428571428573 0.07066666666666667 0.09206349206349207
6 0.03233333333333333 0.43174603174603177 0.06466666666666666 0.08253968253968254
6 0.245 0.5645502645502646 0.13 0.09417989417989418
6 0.904 0.05873015873015873 0.128 0.08994708994708994
6 0.044 0.6513227513227513 0.088 0.09417989417989418
6 0.4633333333333333 0.71005291005291 0.11866666666666667 0.091005291005291
6 0.236 0.7185185185185186 0.12133333333333333 0.09312169312169312
6 0.7926666666666666 0.7825396825396825 0.13866666666666666 0.09417989417989418
6 0.046 0.8470899470899471 0.092 0.09841269841269841
7 0.5623333333333334 0.17407407407407408 0.05733333333333333 0.11851851851851852
7 0.11866666666666667 0.2962962962962963 0.05 0.0835978835978836
7 0.028666666666666667 0.4291005291005291 0.04466666666666667 0.06984126984126984
7 0.016666666666666666 0.6433862433862434 0.03333333333333333 0.07089947089947089
7 0.051666666666666666 0.6444444444444445 0.028 0.07301587301587302
7 0.019333333333333334 0.8433862433862434 0.03866666666666667 0.091005291005291
7 0.058333333333333334 0.8465608465608465 0.03333333333333333 0.06772486772486773
7 0.23733333333333334 0.5650793650793651 0.044 0.07089947089947089
7 0.229 0.716931216931217 0.048666666666666664 0.08148148148148149
7 0.461 0.707936507936508 0.06 0.08994708994708994
7 0.902 0.050793650793650794 0.05 0.07936507936507936
7 0.938 0.05767195767195767 0.030666666666666665 0.08888888888888889
7 0.963 0.1708994708994709 0.042666666666666665 0.11005291005291006
7 0.7963333333333333 0.7793650793650794 0.06333333333333334 0.08465608465608465
7 0.9813333333333333 0.3783068783068783 0.037333333333333336 0.07513227513227513