7 0.832 0.29336966394187103 0.06466666666666666 0.09536784741144415
7 0.916 0.3301544050862852 0.050666666666666665 0.07720254314259764
7 0.7826666666666666 0.3919164396003633 0.058666666666666666 0.07538601271571299
7 0.661 0.5127157129881925 0.042 0.07720254314259764
7 0.6216666666666667 0.5140781108083561 0.051333333333333335 0.07811080835603997
7 0.8116666666666666 0.6739327883742052 0.04733333333333333 0.07266121707538602
7 0.732 0.687102633969119 0.05333333333333334 0.08265213442325159
7 0.5986666666666667 0.8092643051771117 0.050666666666666665 0.05812897366030881
7 0.7336666666666667 0.8365122615803815 0.054 0.10172570390554042
7 0.6803333333333333 0.8955495004541326 0.03933333333333333 0.030881017257039057
7 0.835 0.23887375113533152 0.03266666666666666 0.04904632152588556