5 0.5915798611111112 0.3231336805555556 0.018663194444444444 0.009548611111111112
5 0.4652777777777778 0.3448350694444444 0.0234375 0.010850694444444444
5 0.4197048611111111 0.3381076388888889 0.023871527777777776 0.009982638888888888
5 0.4029947916666667 0.3272569444444444 0.023871527777777776 0.009548611111111112
5 0.423828125 0.3287760416666667 0.023871527777777776 0.009548611111111112
5 0.03732638888888889 0.4372829861111111 0.021267361111111112 0.019097222222222224
5 0.059244791666666664 0.4327256944444444 0.020833333333333332 0.017361111111111112
5 0.080078125 0.4275173611111111 0.0234375 0.019965277777777776
5 0.10112847222222222 0.4255642361111111 0.0234375 0.016927083333333332
5 0.12586805555555555 0.4216579861111111 0.026041666666666668 0.017361111111111112
5 0.1115451388888889 0.4748263888888889 0.03211805555555555 0.022569444444444444
5 0.1304253472222222 0.7220052083333334 0.08246527777777778 0.04861111111111111
5 0.9782986111111112 0.5948350694444444 0.042534722222222224 0.042534722222222224
5 0.568359375 0.3812934027777778 0.028645833333333332 0.015625
5 0.5523003472222222 0.3845486111111111 0.02734375 0.014756944444444444
5 0.5362413194444444 0.3851996527777778 0.026041666666666668 0.01171875
5 0.5240885416666666 0.3897569444444444 0.0234375 0.013888888888888888
5 0.5067274305555556 0.3910590277777778 0.03602430555555555 0.01953125
5 0.4887152777777778 0.392578125 0.025607638888888888 0.013454861111111112
5 0.4733072916666667 0.400390625 0.028211805555555556 0.017361111111111112
5 0.4509548611111111 0.4019097222222222 0.032552083333333336 0.019097222222222224
5 0.4181857638888889 0.4110243055555556 0.032552083333333336 0.018229166666666668
5 0.3617621527777778 0.4214409722222222 0.03732638888888889 0.021267361111111112
5 0.3266059027777778 0.4288194444444444 0.029947916666666668 0.022569444444444444
5 0.3033854166666667 0.4364149305555556 0.034722222222222224 0.020399305555555556
5 0.5516493055555556 0.3947482638888889 0.03515625 0.018663194444444444
5 0.5928819444444444 0.3865017361111111 0.029513888888888888 0.015190972222222222
5 0.5023871527777778 0.4049479166666667 0.04600694444444445 0.023871527777777776
5 0.5946180555555556 0.4214409722222222 0.037760416666666664 0.019097222222222224