14 0.21412037037037038 0.3298045602605863 0.2638888888888889 0.1775244299674267
14 0.42939814814814814 0.2947882736156352 0.1550925925925926 0.11074918566775244
14 0.6145833333333334 0.28175895765472314 0.1863425925925926 0.09446254071661238
14 0.36516203703703703 0.7980456026058632 0.1712962962962963 0.21661237785016288
14 0.5763888888888888 0.7027687296416938 0.1875 0.12866449511400652
14 0.7690972222222222 0.8208469055374593 0.20717592592592593 0.1791530944625407
14 0.7824074074074074 0.36482084690553745 0.16203703703703703 0.0781758957654723
14 0.8640046296296297 0.20195439739413681 0.1712962962962963 0.10423452768729642
14 0.8807870370370371 0.5236156351791531 0.1597222222222222 0.20358306188925082
14 0.2644675925925926 0.5944625407166124 0.19444444444444445 0.09771986970684039
14 0.9594907407407407 0.3289902280130293 0.08101851851851852 0.08143322475570032
14 0.9461805555555556 0.754885993485342 0.1076388888888889 0.1775244299674267
14 0.6851851851851852 0.5285016286644951 0.14814814814814814 0.18241042345276873
14 0.4832175925925926 0.5431596091205212 0.17476851851851852 0.19381107491856678
14 0.31539351851851855 0.46742671009771986 0.1423611111111111 0.10586319218241043
14 0.16782407407407407 0.7907166123778502 0.2222222222222222 0.18078175895765472