14 0.514751552795031 0.11875 0.10403726708074534 0.1125
14 0.7220496894409938 0.06640625 0.10559006211180125 0.1015625
14 0.2857142857142857 0.1140625 0.12577639751552794 0.1125
14 0.1420807453416149 0.2765625 0.13043478260869565 0.1359375
14 0.3548136645962733 0.3390625 0.11645962732919254 0.115625
14 0.5023291925465838 0.2609375 0.11180124223602485 0.1015625
14 0.6032608695652174 0.4 0.11335403726708075 0.115625
14 0.8486024844720497 0.165625 0.10559006211180125 0.0984375
14 0.812888198757764 0.25390625 0.10714285714285714 0.0984375
14 0.8866459627329193 0.32109375 0.09627329192546584 0.090625
14 0.03493788819875776 0.16875 0.06987577639751552 0.115625
14 0.12732919254658384 0.50078125 0.11956521739130435 0.1125
14 0.24767080745341616 0.6140625 0.09782608695652174 0.096875
14 0.43711180124223603 0.68984375 0.13198757763975155 0.1234375
14 0.5667701863354038 0.54765625 0.11180124223602485 0.115625
14 0.859472049689441 0.02265625 0.09782608695652174 0.0453125
14 0.5566770186335404 0.021875 0.10714285714285714 0.04375
14 0.9736024844720497 0.16640625 0.05124223602484472 0.1234375
14 0.9759316770186336 0.37109375 0.04813664596273292 0.1046875
14 0.7950310559006211 0.5046875 0.11024844720496894 0.1171875
14 0.906832298136646 0.55 0.11956521739130435 0.13125
14 0.7771739130434783 0.61953125 0.10093167701863354 0.09375
14 0.7142857142857143 0.67578125 0.10403726708074534 0.109375
14 0.9145962732919255 0.72265625 0.10714285714285714 0.121875
14 0.04891304347826087 0.71796875 0.09472049689440994 0.1234375
14 0.7927018633540373 0.7203125 0.09006211180124224 0.1109375
14 0.5954968944099379 0.75546875 0.12422360248447205 0.125
14 0.7779503105590062 0.8984375 0.11645962732919254 0.128125
14 0.5263975155279503 0.9078125 0.11024844720496894 0.1203125
14 0.23136645962732919 0.84921875 0.11335403726708075 0.11875
14 0.3734472049689441 0.87265625 0.10248447204968944 0.1171875
14 0.017857142857142856 0.89453125 0.03571428571428571 0.115625
14 0.08229813664596274 0.02109375 0.12111801242236025 0.0421875
14 0.9836956521739131 0.93359375 0.03260869565217391 0.1078125
14 0.3703416149068323 0.98203125 0.09937888198757763 0.028125
14 0.09782608695652174 0.96875 0.09627329192546584 0.0625