6 0.396875 0.96875 0.159375 0.0625
6 0.40234375 0.90546875 0.1375 0.0515625
6 0.40390625 0.84609375 0.140625 0.0578125
7 0.31015625 0.94375 0.0578125 0.0359375
6 0.0453125 0.775 0.090625 0.0671875
6 0.05078125 0.71953125 0.1015625 0.071875
6 0.07890625 0.6671875 0.1015625 0.0546875
6 0.1 0.59296875 0.1328125 0.084375
6 0.221875 0.66875 0.1140625 0.065625
6 0.22578125 0.6078125 0.121875 0.08125
6 0.25078125 0.559375 0.134375 0.0765625
6 0.1203125 0.50625 0.125 0.06875
6 0.1609375 0.46171875 0.1265625 0.08125
6 0.190625 0.38046875 0.121875 0.08125
6 0.296875 0.4984375 0.109375 0.0828125
6 0.31796875 0.43671875 0.115625 0.0734375
6 0.346875 0.40078125 0.1078125 0.0765625
7 0.2484375 0.76171875 0.05625 0.040625
7 0.24921875 0.70703125 0.0421875 0.04375
7 0.02109375 0.64453125 0.0421875 0.05