6 0.0859375 0.95859375 0.05 0.0828125
6 0.24453125 0.67890625 0.0421875 0.0859375
6 0.45078125 0.6125 0.0546875 0.078125
6 0.5390625 0.57734375 0.03125 0.0796875
6 0.628125 0.52734375 0.05625 0.0734375
6 0.2140625 0.56875 0.04375 0.0875
6 0.02734375 0.540625 0.0546875 0.078125
6 0.06875 0.5 0.04375 0.071875
6 0.1609375 0.45625 0.071875 0.053125
6 0.275 0.4390625 0.084375 0.04375
6 0.284375 0.359375 0.04375 0.08125
6 0.23203125 0.3625 0.0484375 0.0875
6 0.1875 0.36875 0.046875 0.078125
6 0.1640625 0.1546875 0.084375 0.059375
6 0.1328125 0.07890625 0.084375 0.0484375
6 0.13203125 0.0390625 0.0921875 0.040625
6 0.234375 0.028125 0.084375 0.0375
6 0.328125 0.12421875 0.06875 0.0671875
6 0.61953125 0.6109375 0.0578125 0.090625
6 0.6765625 0.65703125 0.09375 0.0546875
6 0.603125 0.696875 0.096875 0.053125
6 0.57421875 0.7515625 0.0703125 0.053125
6 0.6484375 0.7625 0.084375 0.053125
6 0.49765625 0.78359375 0.0640625 0.0890625
6 0.93515625 0.84296875 0.0828125 0.0734375
6 0.11015625 0.684375 0.0609375 0.08125
6 0.01640625 0.646875 0.0328125 0.059375
6 0.93046875 0.01953125 0.0296875 0.0359375
5 0.63515625 0.13984375 0.1515625 0.2390625
5 0.47734375 0.1859375 0.1421875 0.24375
5 0.35546875 0.7765625 0.1265625 0.134375
7 0.08046875 0.609375 0.0265625 0.03125
7 0.04921875 0.6109375 0.0265625 0.028125
7 0.078125 0.57421875 0.028125 0.0296875
7 0.128125 0.4046875 0.025 0.025
7 0.21796875 0.19921875 0.0234375 0.0328125
7 0.25234375 0.234375 0.0234375 0.0375
7 0.19296875 0.27265625 0.0203125 0.0265625
7 0.20078125 0.30234375 0.0234375 0.0328125
7 0.15546875 0.25703125 0.0359375 0.0359375
7 0.2578125 0.06796875 0.040625 0.0390625
7 0.51875 0.2328125 0.021875 0.028125
7 0.5328125 0.2140625 0.021875 0.028125
7 0.71953125 0.72578125 0.0296875 0.0265625
7 0.55703125 0.6609375 0.0234375 0.025
7 0.40859375 0.56640625 0.0265625 0.0265625
7 0.303125 0.30546875 0.0390625 0.0234375
6 0.24921875 0.1890625 0.0375 0.0875
5 0.43828125 0.01796875 0.0984375 0.0359375