7 0.15859375 0.3671875 0.028125 0.01875
6 0.14375 0.42421875 0.028125 0.034375
6 0.08515625 0.4265625 0.040625 0.0265625
5 0.75234375 0.75 0.16875 0.065625
5 0.53125 0.759375 0.146875 0.059375
7 0.15625 0.1796875 0.040625 0.0265625
7 0.27578125 0.20546875 0.034375 0.0234375
7 0.275 0.4234375 0.0359375 0.03125
7 0.17890625 0.3453125 0.021875 0.0140625
6 0.35390625 0.33828125 0.0671875 0.03125
6 0.425 0.34375 0.078125 0.0234375
6 0.50703125 0.33671875 0.046875 0.021875
6 0.49921875 0.04765625 0.0265625 0.0546875
6 0.53671875 0.05 0.0203125 0.0609375
6 0.515625 0.05078125 0.021875 0.0609375
6 0.5765625 0.03828125 0.0296875 0.05625
6 0.51640625 0.15703125 0.0375 0.0453125
6 0.48828125 0.1625 0.0265625 0.053125
7 0.48125 0.13515625 0.025 0.021875