6 0.1484375 0.50078125 0.13125 0.06875
7 0.05390625 0.76640625 0.1078125 0.0671875
7 0.31328125 0.67890625 0.0984375 0.0703125
7 0.28984375 0.8953125 0.084375 0.0515625
7 0.3578125 0.78203125 0.075 0.04375
7 0.2046875 0.8234375 0.0671875 0.0515625
6 0.428125 0.96328125 0.140625 0.0640625
6 0.43984375 0.9 0.1578125 0.04375
6 0.4296875 0.840625 0.15625 0.0609375
6 0.2125 0.371875 0.13125 0.075
6 0.35859375 0.38984375 0.1328125 0.078125
6 0.34375 0.43046875 0.1296875 0.0671875
6 0.321875 0.4875 0.125 0.0828125
6 0.28046875 0.55234375 0.1421875 0.0703125
6 0.11875 0.5859375 0.1203125 0.0890625
6 0.0796875 0.65234375 0.14375 0.0734375
6 0.0625 0.70546875 0.125 0.071875
6 0.25078125 0.5953125 0.115625 0.065625