7 0.24765625 0.69765625 0.0609375 0.0421875
7 0.253125 0.75234375 0.065625 0.0421875
6 0.33203125 0.403125 0.1140625 0.0765625
6 0.18828125 0.38359375 0.125 0.0765625
6 0.31171875 0.4421875 0.1328125 0.06875
6 0.29140625 0.496875 0.11875 0.0796875
6 0.16015625 0.46484375 0.1328125 0.08125
6 0.11875 0.515625 0.1296875 0.0734375
6 0.2515625 0.56328125 0.1390625 0.0671875
6 0.22734375 0.6046875 0.109375 0.0734375
7 0.02890625 0.64453125 0.0578125 0.040625
6 0.0765625 0.6703125 0.1015625 0.046875
6 0.05 0.71484375 0.1 0.0625
6 0.04296875 0.77578125 0.0859375 0.0515625
6 0.4015625 0.84453125 0.153125 0.053125
6 0.40703125 0.909375 0.153125 0.053125
6 0.39921875 0.9703125 0.146875 0.0546875
7 0.30234375 0.9421875 0.05625 0.028125
6 0.09296875 0.5984375 0.121875 0.078125
6 0.21640625 0.67109375 0.11875 0.0703125