7 0.5578125 0.375 0.0390625 0.025
6 0.02890625 0.25 0.0484375 0.065625
6 0.6859375 0.37578125 0.04375 0.0578125
6 0.5890625 0.421875 0.0578125 0.0703125
7 0.2015625 0.11328125 0.0546875 0.03125
6 0.5515625 0.04609375 0.0390625 0.0640625
6 0.25390625 0.59296875 0.0703125 0.0328125
6 0.71171875 0.11640625 0.0375 0.059375
6 0.65859375 0.49453125 0.0734375 0.0390625
5 0.12578125 0.31953125 0.11875 0.1484375
7 0.84375 0.56640625 0.3125 0.23125
5 0.10234375 0.875 0.196875 0.1296875
5 0.7 0.025 0.14375 0.05
5 0.6296875 0.1890625 0.090625 0.1875
5 0.915625 0.75859375 0.16875 0.1296875
6 0.1875 0.009375 0.0703125 0.01875
7 0.50546875 0.396875 0.0390625 0.0203125