5 0.05 0.421875 0.1 0.11875
7 0.17265625 0.25546875 0.078125 0.0578125
7 0.23515625 0.05703125 0.0390625 0.053125
7 0.41640625 0.30703125 0.0859375 0.0328125
7 0.54453125 0.2640625 0.075 0.0328125
7 0.47265625 0.34140625 0.0671875 0.0484375
7 0.37890625 0.38359375 0.065625 0.0359375
7 0.453125 0.40078125 0.071875 0.0359375
7 0.90703125 0.05078125 0.1 0.059375
6 0.1484375 0.46796875 0.05 0.109375
6 0.30390625 0.35390625 0.0921875 0.203125
6 0.5515625 0.36875 0.071875 0.1578125
7 0.8125 0.35703125 0.375 0.178125