6 0.34609375 0.39609375 0.121875 0.0953125
6 0.19765625 0.3734375 0.1265625 0.075
6 0.32265625 0.43515625 0.1203125 0.0609375
6 0.30859375 0.4921875 0.1234375 0.0828125
6 0.16953125 0.45703125 0.134375 0.0765625
6 0.26640625 0.559375 0.134375 0.08125
6 0.13046875 0.4984375 0.125 0.0828125
6 0.2375 0.6 0.115625 0.071875
6 0.09375 0.584375 0.1078125 0.06875
6 0.06796875 0.65078125 0.1296875 0.0734375
6 0.22578125 0.6625 0.121875 0.075
7 0.20703125 0.7109375 0.0484375 0.0375
7 0.275 0.73671875 0.059375 0.046875
6 0.05625 0.70703125 0.1125 0.065625
6 0.046875 0.76796875 0.09375 0.0609375
6 0.409375 0.83515625 0.15 0.0515625
6 0.40859375 0.8921875 0.13125 0.053125
6 0.4015625 0.9625 0.1578125 0.0640625
7 0.30546875 0.934375 0.0734375 0.0609375
7 0.03046875 0.640625 0.0609375 0.0484375