6 0.35859375 0.3953125 0.13125 0.0828125
6 0.325 0.4359375 0.1203125 0.071875
6 0.3078125 0.4921875 0.1140625 0.0921875
6 0.2671875 0.56015625 0.13125 0.0703125
6 0.19609375 0.3765625 0.125 0.0703125
6 0.1734375 0.4609375 0.134375 0.1
6 0.13046875 0.50703125 0.121875 0.078125
6 0.1046875 0.58984375 0.125 0.096875
6 0.23125 0.5984375 0.1328125 0.0734375
6 0.08671875 0.66171875 0.096875 0.0640625
7 0.0375 0.63671875 0.075 0.05
6 0.05390625 0.7078125 0.1078125 0.08125
6 0.0484375 0.76484375 0.096875 0.0671875
7 0.13984375 0.725 0.059375 0.040625
7 0.134375 0.775 0.05625 0.046875
6 0.2734375 0.68046875 0.15 0.0859375
7 0.3421875 0.78046875 0.0734375 0.05625
6 0.41484375 0.84296875 0.1484375 0.0546875
6 0.41875 0.89921875 0.1671875 0.046875
6 0.4078125 0.95703125 0.1578125 0.075