6 0.11953125 0.94609375 0.0765625 0.0515625
6 0.16328125 0.9140625 0.0765625 0.06875
6 0.53984375 0.85234375 0.0859375 0.0734375
6 0.92734375 0.26328125 0.0640625 0.0765625
6 0.90859375 0.3375 0.1015625 0.046875
6 0.78984375 0.38671875 0.0859375 0.0453125
6 0.68671875 0.23203125 0.0609375 0.0796875
6 0.74375 0.234375 0.046875 0.0625
6 0.60234375 0.20078125 0.0484375 0.0890625
6 0.42734375 0.11171875 0.0953125 0.0515625
6 0.15859375 0.17578125 0.0671875 0.0703125
7 0.93046875 0.92734375 0.1390625 0.1453125
7 0.8234375 0.73203125 0.353125 0.1484375
5 0.41875 0.25 0.196875 0.134375
7 0.39375 0.74375 0.04375 0.034375
7 0.8078125 0.88125 0.034375 0.03125
7 0.78203125 0.9140625 0.0359375 0.028125
7 0.471875 0.60234375 0.046875 0.0359375
7 0.8109375 0.41875 0.04375 0.03125
7 0.79609375 0.3140625 0.0328125 0.03125
6 0.07109375 0.021875 0.0234375 0.040625