7 0.04375 0.640625 0.071875 0.0578125
6 0.09453125 0.65625 0.1078125 0.0625
6 0.23828125 0.6578125 0.1203125 0.06875
6 0.42265625 0.96484375 0.14375 0.0609375
7 0.31171875 0.7578125 0.0703125 0.0515625
6 0.20546875 0.37265625 0.13125 0.075
6 0.353125 0.3953125 0.121875 0.0796875
6 0.3328125 0.42890625 0.1328125 0.0625
6 0.1765625 0.446875 0.1328125 0.0703125
6 0.3140625 0.48515625 0.11875 0.0796875
6 0.13359375 0.50390625 0.1296875 0.06875
6 0.275 0.5515625 0.134375 0.0703125
6 0.2390625 0.5953125 0.1375 0.0671875
6 0.05859375 0.7046875 0.1171875 0.0671875
6 0.05 0.76875 0.1 0.05625
6 0.4234375 0.840625 0.1609375 0.059375
6 0.42890625 0.90234375 0.153125 0.053125
6 0.10859375 0.5875 0.125 0.0796875