5 0.9796875 0.7046875 0.040625 0.121875
6 0.5140625 0.353125 0.103125 0.05625
5 0.8578125 0.5953125 0.115625 0.084375
5 0.0828125 0.475 0.128125 0.0625
6 0.5359375 0.4109375 0.153125 0.078125
5 0.9453125 0.6296875 0.109375 0.115625
5 0.3578125 0.3671875 0.140625 0.078125
5 0.91875 0.9453125 0.1625 0.109375
5 0.678125 0.4765625 0.16875 0.090625
5 0.821875 0.5265625 0.19375 0.109375
5 0.6890625 0.9546875 0.265625 0.090625
5 0.1296875 0.984375 0.259375 0.03125
5 0.0125 0.1390625 0.025 0.065625
5 0.040625 0.1703125 0.08125 0.071875
5 0.184375 0.2625 0.14375 0.06875
5 0.2421875 0.3 0.165625 0.075
5 0.0390625 0.0625 0.078125 0.04375
5 0.0265625 0.0328125 0.053125 0.046875
7 0.634375 0.375 0.04375 0.075
7 0.4109375 0.58125 0.046875 0.08125
7 0.55625 0.0796875 0.025 0.059375
7 0.609375 0.0671875 0.025 0.065625
7 0.51875 0.10703125 0.025 0.05
6 0.26015625 0.33671875 0.06875 0.053125
7 0.44375 0.41640625 0.0375 0.0703125