6 0.69765625 0.04453125 0.0171875 0.0390625
6 0.571875 0.034375 0.015625 0.046875
6 0.58671875 0.03515625 0.0109375 0.0484375
6 0.603125 0.03828125 0.01875 0.0453125
6 0.6171875 0.040625 0.015625 0.04375
6 0.63515625 0.046875 0.0171875 0.04375
6 0.6546875 0.04921875 0.01875 0.0421875
6 0.678125 0.0453125 0.01875 0.040625
7 0.675 0.975 0.021875 0.01875
7 0.61171875 0.88359375 0.0296875 0.0171875
7 0.79375 0.99140625 0.03125 0.0140625
7 0.89609375 0.909375 0.0296875 0.021875
7 0.83046875 0.82734375 0.0265625 0.0171875
7 0.7515625 0.60625 0.034375 0.01875
7 0.80234375 0.725 0.0328125 0.021875
7 0.515625 0.6328125 0.015625 0.021875
7 0.959375 0.7515625 0.025 0.015625
7 0.34765625 0.59375 0.0234375 0.021875
7 0.37734375 0.334375 0.0328125 0.03125
7 0.41875 0.3109375 0.03125 0.021875
6 0.003125 0.1609375 0.00625 0.028125
6 0.0328125 0.15 0.015625 0.046875
6 0.065625 0.1625 0.025 0.040625
6 0.1296875 0.1640625 0.034375 0.034375
6 0.15390625 0.1421875 0.0390625 0.034375
6 0.40625 0.153125 0.040625 0.028125
6 0.44375 0.1453125 0.034375 0.025
6 0.6015625 0.1625 0.01875 0.0375
6 0.58359375 0.1640625 0.0171875 0.034375
6 0.82734375 0.24765625 0.0390625 0.0203125
6 0.81796875 0.1625 0.0390625 0.025
6 0.71328125 0.04140625 0.0171875 0.0421875
6 0.728125 0.196875 0.021875 0.046875
6 0.7125 0.18671875 0.025 0.0453125
6 0.69453125 0.184375 0.0234375 0.0375
6 0.628125 0.1640625 0.03125 0.03125
6 0.65625 0.16875 0.028125 0.028125
6 0.675 0.17578125 0.028125 0.0359375