5 0.3359375 0.371875 0.240625 0.115625
5 0.0953125 0.3625 0.190625 0.125
7 0.00390625 0.24765625 0.0078125 0.028125
7 0.06640625 0.2296875 0.071875 0.03125
7 0.1640625 0.23046875 0.06875 0.0328125
7 0.4015625 0.0296875 0.0625 0.0515625
7 0.60625 0.1921875 0.0859375 0.034375
6 0.6609375 0.31015625 0.09375 0.184375
6 0.90234375 0.31953125 0.0859375 0.159375
7 0.89609375 0.221875 0.1046875 0.028125
7 0.76953125 0.26171875 0.103125 0.0453125
7 0.82578125 0.2875 0.0859375 0.04375
7 0.815625 0.35078125 0.0671875 0.0375
7 0.73671875 0.33515625 0.090625 0.0515625
7 0.96484375 0.02578125 0.0703125 0.04375