5 0.27265625 0.38046875 0.240625 0.1140625
5 0.0609375 0.371875 0.121875 0.125
7 0.01640625 0.2375 0.0328125 0.0390625
7 0.3734375 0.0328125 0.06875 0.0390625
7 0.5390625 0.1984375 0.0859375 0.034375
7 0.68125 0.34453125 0.096875 0.05625
7 0.75078125 0.36171875 0.0765625 0.0359375
7 0.69921875 0.2640625 0.1 0.0375
7 0.83359375 0.23125 0.1046875 0.03125
7 0.94453125 0.02265625 0.1109375 0.0453125
7 0.76640625 0.2921875 0.0796875 0.0453125
6 0.834375 0.33984375 0.071875 0.159375
6 0.59296875 0.3203125 0.090625 0.184375
6 0.44296875 0.434375 0.0765625 0.1125
7 0.09296875 0.23671875 0.071875 0.0375
7 0.95390625 0.31640625 0.0921875 0.1578125