7 0.3609375 0.74375 0.0734375 0.04375
6 0.1390625 0.49765625 0.115625 0.075
6 0.1140625 0.58828125 0.128125 0.0859375
6 0.2390625 0.5984375 0.125 0.06875
6 0.2703125 0.55390625 0.1359375 0.0734375
6 0.17578125 0.44609375 0.134375 0.0703125
6 0.31484375 0.4875 0.11875 0.0921875
6 0.25390625 0.6578125 0.1203125 0.078125
6 0.05859375 0.70546875 0.1171875 0.0765625
6 0.09140625 0.65625 0.1046875 0.0703125
6 0.05390625 0.7671875 0.1078125 0.065625
6 0.42109375 0.84140625 0.134375 0.0578125
6 0.42265625 0.90234375 0.1375 0.0546875
6 0.41875 0.965625 0.1390625 0.0640625
6 0.20859375 0.37421875 0.1234375 0.075
6 0.35546875 0.3921875 0.1078125 0.075
6 0.33046875 0.4328125 0.11875 0.0671875
7 0.0296875 0.64140625 0.05625 0.0453125