7 0.04921875 0.76796875 0.0984375 0.0640625
7 0.25 0.553125 0.153125 0.0734375
7 0.2703125 0.7359375 0.0671875 0.0515625
7 0.05078125 0.83828125 0.05625 0.0359375
5 0.41171875 0.9625 0.1328125 0.05625
7 0.30703125 0.928125 0.0765625 0.0484375
6 0.4125 0.89609375 0.140625 0.05
6 0.4109375 0.83671875 0.15625 0.0546875
6 0.22265625 0.6546875 0.11875 0.075
6 0.09609375 0.58828125 0.1265625 0.0859375
6 0.1265625 0.49453125 0.125 0.065625
6 0.16953125 0.44609375 0.128125 0.071875
6 0.1953125 0.36953125 0.125 0.078125
6 0.34609375 0.38984375 0.1140625 0.0828125
6 0.32421875 0.42734375 0.1203125 0.0671875
6 0.3046875 0.48515625 0.1140625 0.0765625
6 0.23671875 0.59296875 0.1140625 0.0734375
6 0.07265625 0.6515625 0.11875 0.0609375
7 0.0296875 0.63125 0.059375 0.0546875
6 0.05390625 0.70078125 0.1078125 0.0765625
7 0.2109375 0.70546875 0.075 0.04375