5 0.0953125 0.99375 0.190625 0.0125
7 0.00390625 0.93515625 0.0078125 0.028125
7 0.06640625 0.9171875 0.071875 0.03125
7 0.1640625 0.91796875 0.06875 0.0328125
7 0.31015625 0.5484375 0.0640625 0.05625
7 0.4015625 0.7171875 0.0625 0.0515625
7 0.60625 0.8796875 0.0859375 0.034375
6 0.6609375 0.95234375 0.09375 0.0953125
6 0.90234375 0.96328125 0.0859375 0.0734375
7 0.89609375 0.909375 0.1046875 0.028125
7 0.76953125 0.94921875 0.103125 0.0453125
7 0.82578125 0.975 0.0859375 0.04375
7 0.96484375 0.71328125 0.0703125 0.04375