7 0.26171875 0.72734375 0.0515625 0.0359375
7 0.21953125 0.73671875 0.0453125 0.0296875
7 0.23046875 0.76484375 0.0546875 0.0328125
6 0.92734375 0.57265625 0.0671875 0.0359375
6 0.85703125 0.61328125 0.0609375 0.0390625
6 0.971875 0.52578125 0.05625 0.0359375
6 0.91171875 0.64453125 0.0640625 0.0390625
6 0.975 0.58046875 0.05 0.0390625
6 0.784375 0.546875 0.0625 0.040625
6 0.84296875 0.65703125 0.0640625 0.0421875
6 0.83828125 0.56171875 0.0765625 0.0484375
6 0.97578125 0.69296875 0.0484375 0.0546875