5 0.17428035043804757 0.10394736842105264 0.123279098873592 0.20789473684210527
5 0.4727784730913642 0.11973684210526316 0.12640801001251564 0.22631578947368422
5 0.6026282853566959 0.1118421052631579 0.11264080100125157 0.2236842105263158
5 0.7318523153942428 0.11315789473684211 0.0969962453066333 0.21052631578947367
5 0.8494993742177722 0.10921052631578948 0.10638297872340426 0.21842105263157896
5 0.9896745932415519 0.1394736842105263 0.01939924906132666 0.19736842105263158
5 0.5785356695869838 0.8223684210526315 0.11013767209011265 0.24736842105263157
5 0.7137046307884856 0.8355263157894737 0.10638297872340426 0.24473684210526317
5 0.8473091364205256 0.8381578947368421 0.12578222778473092 0.2631578947368421
5 0.9286608260325406 0.3605263157894737 0.14080100125156444 0.25526315789473686
7 0.8078848560700876 0.9802631578947368 0.018147684605757195 0.034210526315789476
7 0.9264705882352942 0.8618421052631579 0.023779724655819776 0.10263157894736842
7 0.9699624530663329 0.8355263157894737 0.02190237797246558 0.10789473684210527
7 0.9446182728410513 0.8605263157894737 0.02190237797246558 0.08421052631578947
7 0.9286608260325406 0.7828947368421053 0.02127659574468085 0.0868421052631579
7 0.9242803504380476 0.7592105263157894 0.02252816020025031 0.08421052631578947
7 0.9637046307884856 0.6513157894736842 0.02690863579474343 0.09473684210526316
7 0.945244055068836 0.5802631578947368 0.024405506883604506 0.11052631578947368
7 0.9652690863579474 0.5828947368421052 0.026282853566958697 0.1368421052631579
7 0.9392991239048811 0.48157894736842105 0.025031289111389236 0.11052631578947368
7 0.9558823529411765 0.5157894736842106 0.01877346683354193 0.09210526315789473
7 0.2693992490613267 0.6328947368421053 0.02690863579474343 0.14736842105263157
5 0.26533166458072593 0.8342105263157895 0.11389236545682102 0.25
5 0.11013767209011265 0.8381578947368421 0.13704630788485608 0.2631578947368421
5 0.08729662077596996 0.4473684210526316 0.16896120150187735 0.2789473684210526